nodeid	pagerank
0	0.002317
1	0.004051
2	0.001009
3	0.004466
4	0.004565
5	0.002519
6	0.000512
7	0.002071
8	0.000783
9	0.004046
10	0.002210
11	0.000283
12	0.000268
13	0.003437
14	0.000636
15	0.000235
16	0.001333
17	0.000543
18	0.000213
19	0.000477
20	0.000607
21	0.003378
22	0.001443
23	0.000484
24	0.001526
25	0.003349
26	0.003651
27	0.000522
28	0.000539
29	0.001824
30	0.003299
31	0.002024
32	0.000234
33	0.000173
34	0.000214
35	0.000170
36	0.000460
37	0.000157
38	0.001532
39	0.001766
40	0.002949
41	0.000611
42	0.000166
43	0.000150
44	0.000350
45	0.001001
46	0.000176
47	0.000153
48	0.003054
49	0.000165
50	0.000675
51	0.000697
52	0.000151
53	0.002515
54	0.001469
55	0.002707
56	0.003363
57	0.001940
58	0.000216
59	0.002218
60	0.001041
61	0.000239
62	0.002572
63	0.000705
64	0.000247
65	0.001304
66	0.001807
67	0.003172
68	0.000172
69	0.001065
70	0.000140
71	0.000148
72	0.002190
73	0.001724
74	0.000130
75	0.001406
76	0.000304
77	0.000590
78	0.004058
79	0.001437
80	0.002136
81	0.000137
82	0.002015
83	0.000653
84	0.001224
85	0.001204
86	0.000148
87	0.001833
88	0.002394
89	0.000300
90	0.000129
91	0.000716
92	0.001969
93	0.000342
94	0.001779
95	0.000264
96	0.000896
97	0.000133
98	0.002661
99	0.000184
100	0.000276
101	0.001580
102	0.000154
103	0.001333
104	0.002183
105	0.001284
106	0.001166
107	0.000545
108	0.001037
109	0.002033
110	0.000544
111	0.000408
112	0.000237
113	0.002308
114	0.000121
115	0.000558
116	0.000507
117	0.000625
118	0.001978
119	0.002092
120	0.000166
121	0.000767
122	0.002463
123	0.001339
124	0.000338
125	0.000337
126	0.001027
127	0.000997
128	0.001800
129	0.000475
130	0.001645
131	0.000157
132	0.000779
133	0.001790
134	0.001300
135	0.000583
136	0.000688
137	0.000375
138	0.000207
139	0.000629
140	0.000362
141	0.002278
142	0.002104
143	0.000168
144	0.000412
145	0.000119
146	0.000459
147	0.000249
148	0.000992
149	0.000395
150	0.000335
151	0.000258
152	0.002375
153	0.000136
154	0.000118
155	0.000191
156	0.000702
157	0.000179
158	0.001113
159	0.001078
160	0.000125
161	0.001380
162	0.000279
163	0.000274
164	0.000469
165	0.000865
166	0.000121
167	0.000235
168	0.000481
169	0.001805
170	0.001929
171	0.000283
172	0.002706
173	0.000144
174	0.000238
175	0.000225
176	0.000860
177	0.000157
178	0.001397
179	0.000119
180	0.001712
181	0.003560
182	0.000129
183	0.000233
184	0.000885
185	0.001239
186	0.003247
187	0.001360
188	0.002955
189	0.000221
190	0.000254
191	0.000410
192	0.000216
193	0.000487
194	0.001525
195	0.003102
196	0.001137
197	0.000739
198	0.000133
199	0.002966
200	0.003432
201	0.000442
202	0.000125
203	0.002795
204	0.001550
205	0.000181
206	0.000340
207	0.000259
208	0.000758
209	0.000113
210	0.000113
211	0.001969
212	0.001601
213	0.002309
214	0.000404
215	0.000113
216	0.000114
217	0.000240
218	0.002818
219	0.000125
220	0.000209
221	0.000778
222	0.000915
223	0.002084
224	0.002158
225	0.000152
226	0.000374
227	0.000168
228	0.000577
229	0.000397
230	0.000265
231	0.001676
232	0.001986
233	0.000113
234	0.000141
235	0.000324
236	0.002267
237	0.000501
238	0.001643
239	0.002880
240	0.000217
241	0.000145
242	0.001319
243	0.000122
244	0.000113
245	0.000447
246	0.000898
247	0.000134
248	0.001448
249	0.001243
250	0.000332
251	0.000640
252	0.001839
253	0.000186
254	0.000898
255	0.000144
256	0.000113
257	0.001190
258	0.000948
259	0.000488
260	0.000596
261	0.001148
262	0.000199
263	0.000143
264	0.000379
265	0.000925
266	0.000903
267	0.000165
268	0.000471
269	0.000194
270	0.000337
271	0.001883
272	0.001239
273	0.002559
274	0.000895
275	0.002456
276	0.000741
277	0.001607
278	0.000146
279	0.000205
280	0.001287
281	0.000339
282	0.000112
283	0.000778
284	0.000333
285	0.001262
286	0.000129
287	0.000111
288	0.000378
289	0.000212
290	0.000518
291	0.000986
292	0.000111
293	0.000216
294	0.000159
295	0.000659
296	0.000140
297	0.000848
298	0.000422
299	0.001030
300	0.000415
301	0.000174
302	0.000945
303	0.000692
304	0.001418
305	0.000111
306	0.002097
307	0.000270
308	0.000689
309	0.000207
310	0.000131
311	0.000229
312	0.000141
313	0.000990
314	0.000371
315	0.001328
316	0.000346
317	0.000295
318	0.000342
319	0.000129
320	0.000406
321	0.000132
322	0.001605
323	0.001027
324	0.000584
325	0.001101
326	0.000136
327	0.000120
328	0.001904
329	0.000596
330	0.000728
331	0.000588
332	0.001062
333	0.000274
334	0.000718
335	0.000110
336	0.000378
337	0.000122
338	0.000269
339	0.000462
340	0.000197
341	0.000423
342	0.000903
343	0.000367
344	0.000302
345	0.000434
346	0.001017
347	0.000196
348	0.000302
349	0.000112
350	0.000142
351	0.000110
352	0.000151
353	0.000252
354	0.000149
355	0.000169
356	0.000108
357	0.000133
358	0.000105
359	0.000146
360	0.000179
361	0.000140
362	0.000136
363	0.000244
364	0.000115
365	0.000114
366	0.000244
367	0.000161
368	0.000167
369	0.000143
370	0.000217
371	0.000111
372	0.000129
373	0.000236
374	0.000212
375	0.000137
376	0.000260
377	0.000106
378	0.000204
379	0.000106
380	0.000120
381	0.000122
382	0.000122
383	0.000108
384	0.000109
385	0.000121
386	0.000108
387	0.000162
388	0.000169
389	0.000171
390	0.000114
391	0.000201
392	0.000174
393	0.000112
394	0.000162
395	0.000208
396	0.000140
397	0.000170
398	0.000155
399	0.000113
400	0.000206
401	0.000106
402	0.000190
403	0.000131
404	0.000176
405	0.000120
406	0.000108
407	0.000126
408	0.000181
409	0.000153
410	0.000124
411	0.000107
412	0.000218
413	0.000128
414	0.000241
415	0.000140
416	0.000137
417	0.000186
418	0.000136
419	0.000176
420	0.000155
421	0.000134
422	0.000171
423	0.000180
424	0.000121
425	0.000130
426	0.000132
427	0.000115
428	0.000228
429	0.000118
430	0.000154
431	0.000188
432	0.000171
433	0.000117
434	0.000146
435	0.000116
436	0.000178
437	0.000116
438	0.000187
439	0.000160
440	0.000123
441	0.000112
442	0.000119
443	0.000106
444	0.000158
445	0.000133
446	0.000129
447	0.000105
448	0.000108
449	0.000115
450	0.000134
451	0.000135
452	0.000157
453	0.000107
454	0.000107
455	0.000147
456	0.000169
457	0.000123
458	0.000133
459	0.000114
460	0.000171
461	0.000165
462	0.000124
463	0.000147
464	0.000108
465	0.000184
466	0.000116
467	0.000108
468	0.000105
469	0.000124
470	0.000118
471	0.000138
472	0.000109
473	0.000136
474	0.000126
475	0.000231
476	0.000109
477	0.000115
478	0.000111
479	0.000146
480	0.000112
481	0.000129
482	0.000147
483	0.000303
484	0.000240
485	0.000109
486	0.000116
487	0.000140
488	0.000137
489	0.000126
490	0.000116
491	0.000114
492	0.000179
493	0.000164
494	0.000132
495	0.000127
496	0.000152
497	0.000186
498	0.000108
499	0.000107
500	0.000188
501	0.000110
502	0.000114
503	0.000164
504	0.000149
505	0.000114
506	0.000178
507	0.000170
508	0.000121
509	0.000114
510	0.000128
511	0.000136
512	0.000137
513	0.000189
514	0.000165
515	0.000164
516	0.000117
517	0.000204
518	0.000116
519	0.000124
520	0.000149
521	0.000117
522	0.000114
523	0.000141
524	0.000164
525	0.000164
526	0.000264
527	0.000143
528	0.000116
529	0.000111
530	0.000107
531	0.000134
532	0.000110
533	0.000108
534	0.000110
535	0.000113
536	0.000122
537	0.000139
538	0.000186
539	0.000119
540	0.000111
541	0.000112
542	0.000152
543	0.000121
544	0.000160
545	0.000140
546	0.000127
547	0.000126
548	0.000127
549	0.000109
550	0.000105
551	0.000113
552	0.000106
553	0.000170
554	0.000114
555	0.000127
556	0.000139
557	0.000127
558	0.000118
559	0.000169
560	0.000125
561	0.000164
562	0.000107
563	0.000173
564	0.000110
565	0.000118
566	0.000180
567	0.000156
568	0.000110
569	0.000113
570	0.000125
571	0.000106
572	0.000106
573	0.000137
574	0.000116
575	0.000117
576	0.000119
577	0.000127
578	0.000128
579	0.000141
580	0.000186
581	0.000106
582	0.000125
583	0.000127
584	0.000120
585	0.000105
586	0.000111
587	0.000114
588	0.000118
589	0.000125
590	0.000117
591	0.000141
592	0.000141
593	0.000107
594	0.000112
595	0.000121
596	0.000159
597	0.000124
598	0.000119
599	0.000125
600	0.000124
601	0.000130
602	0.000105
603	0.000120
604	0.000132
605	0.000119
606	0.000199
607	0.000105
608	0.000105
609	0.000127
610	0.000107
611	0.000117
612	0.000116
613	0.000105
614	0.000128
615	0.000124
616	0.000120
617	0.000123
618	0.000123
619	0.000123
620	0.000119
621	0.000108
622	0.000113
623	0.000115
624	0.000105
625	0.000118
626	0.000115
627	0.000123
628	0.000114
629	0.000119
630	0.000131
631	0.000112
632	0.000121
633	0.000114
634	0.000116
635	0.000120
636	0.000119
637	0.000219
638	0.000105
639	0.000111
640	0.000120
641	0.000177
642	0.000105
643	0.000119
644	0.000117
645	0.000125
646	0.000113
647	0.000117
648	0.000105
649	0.000108
650	0.000117
651	0.000171
652	0.000107
653	0.000121
654	0.000123
655	0.000108
656	0.000106
657	0.000108
658	0.000118
659	0.000117
660	0.000105
661	0.000117
662	0.000116
663	0.000108
664	0.000112
665	0.000112
666	0.000113
667	0.000106
668	0.000104
669	0.000127
670	0.000114
671	0.000107
672	0.000108
673	0.000107
674	0.000104
675	0.000114
676	0.000116
677	0.000115
678	0.000117
679	0.000108
680	0.000116
681	0.000113
682	0.000109
683	0.000124
684	0.000112
685	0.000111
686	0.001652
687	0.002121
688	0.002424
689	0.000860
690	0.001991
691	0.000566
692	0.000338
693	0.001972
694	0.002346
695	0.002347
696	0.002230
697	0.002110
698	0.000999
699	0.000256
700	0.001012
701	0.001661
702	0.000721
703	0.001561
704	0.000367
705	0.001729
706	0.001684
707	0.000380
708	0.001463
709	0.001182
710	0.000955
711	0.001526
712	0.000396
713	0.001761
714	0.000384
715	0.000988
716	0.000549
717	0.000180
718	0.001019
719	0.001453
720	0.000609
721	0.000503
722	0.000661
723	0.001329
724	0.001272
725	0.000292
726	0.001198
727	0.001560
728	0.000928
729	0.000407
730	0.000498
731	0.001034
732	0.000337
733	0.000272
734	0.000744
735	0.000236
736	0.000316
737	0.000655
738	0.000836
739	0.000837
740	0.000302
741	0.000580
742	0.000319
743	0.000152
744	0.000143
745	0.001218
746	0.000247
747	0.001066
748	0.000540
749	0.000131
750	0.000148
751	0.000501
752	0.001069
753	0.000367
754	0.000842
755	0.000486
756	0.000456
757	0.000143
758	0.000482
759	0.000401
760	0.000895
761	0.000414
762	0.000461
763	0.000356
764	0.000695
765	0.000421
766	0.000926
767	0.000262
768	0.000351
769	0.000402
770	0.000596
771	0.000279
772	0.000584
773	0.000925
774	0.000883
775	0.000127
776	0.000304
777	0.000556
778	0.000595
779	0.000471
780	0.000825
781	0.001012
782	0.000285
783	0.000412
784	0.000860
785	0.000157
786	0.000240
787	0.000537
788	0.000160
789	0.000231
790	0.000164
791	0.000178
792	0.000552
793	0.000357
794	0.000398
795	0.000436
796	0.000191
797	0.000491
798	0.000212
799	0.000284
800	0.000772
801	0.000116
802	0.000161
803	0.000363
804	0.000269
805	0.001069
806	0.000210
807	0.000445
808	0.000215
809	0.000350
810	0.000712
811	0.000219
812	0.000368
813	0.000229
814	0.000532
815	0.000938
816	0.000276
817	0.000490
818	0.000261
819	0.000717
820	0.000753
821	0.000302
822	0.000226
823	0.000961
824	0.000957
825	0.000224
826	0.000318
827	0.000752
828	0.001046
829	0.000597
830	0.000876
831	0.000368
832	0.000145
833	0.000300
834	0.000782
835	0.000352
836	0.000260
837	0.000261
838	0.000373
839	0.000204
840	0.000486
841	0.000139
842	0.000645
843	0.000263
844	0.000347
845	0.000464
846	0.000178
847	0.000539
848	0.000382
849	0.000447
850	0.000194
851	0.000162
852	0.000145
853	0.000720
854	0.000156
855	0.000141
856	0.000420
857	0.000246
858	0.000161
859	0.000138
860	0.000146
861	0.000155
862	0.000314
863	0.000155
864	0.000130
865	0.000146
866	0.000149
867	0.000242
868	0.000141
869	0.000159
870	0.000168
871	0.000161
872	0.000220
873	0.000198
874	0.000198
875	0.000120
876	0.000152
877	0.000170
878	0.000145
879	0.000150
880	0.000188
881	0.000148
882	0.000139
883	0.000118
884	0.000123
885	0.000193
886	0.000133
887	0.000169
888	0.000138
889	0.000145
890	0.000169
891	0.000116
892	0.000116
893	0.000123
894	0.000134
895	0.000140
896	0.000238
897	0.000403
898	0.000227
899	0.000115
900	0.000156
901	0.000217
902	0.000171
903	0.000216
904	0.000125
905	0.000125
906	0.000300
907	0.000176
908	0.000201
909	0.000138
910	0.000119
911	0.000108
912	0.000130
913	0.000176
914	0.000126
915	0.000147
916	0.000576
917	0.000330
918	0.000108
919	0.000196
920	0.000171
921	0.000498
922	0.000258
923	0.000128
924	0.000205
925	0.000561
926	0.000222
927	0.000412
928	0.000131
929	0.000118
930	0.000161
931	0.000122
932	0.000356
933	0.000186
934	0.000459
935	0.000123
936	0.000143
937	0.000120
938	0.000197
939	0.000123
940	0.000148
941	0.000244
942	0.000258
943	0.000133
944	0.000202
945	0.000117
946	0.000573
947	0.000508
948	0.000148
949	0.000140
950	0.000139
951	0.000153
952	0.000465
953	0.000470
954	0.000245
955	0.000131
956	0.000125
957	0.000264
958	0.000187
959	0.000288
960	0.000428
961	0.000140
962	0.000135
963	0.000207
964	0.000174
965	0.000154
966	0.000457
967	0.000461
968	0.000213
969	0.000194
970	0.000133
971	0.000199
972	0.000193
973	0.000148
974	0.000132
975	0.000246
976	0.000131
977	0.000172
978	0.000426
979	0.000123
980	0.000453
981	0.000232
982	0.000348
983	0.000322
984	0.000218
985	0.000116
986	0.000135
987	0.000116
988	0.000222
989	0.000153
990	0.000158
991	0.000161
992	0.000198
993	0.000494
994	0.000143
995	0.000304
996	0.000111
997	0.000395
998	0.000133
999	0.000426
1000	0.000127
1001	0.000156
1002	0.000110
1003	0.000425
1004	0.000490
1005	0.000143
1006	0.000522
1007	0.000148
1008	0.000117
1009	0.000175
1010	0.000159
1011	0.000185
1012	0.000146
1013	0.000119
1014	0.000208
1015	0.000152
1016	0.000120
1017	0.000531
1018	0.000165
1019	0.000176
1020	0.000172
1021	0.000179
1022	0.000112
1023	0.000113
1024	0.000415
1025	0.000142
1026	0.000354
1027	0.000108
1028	0.000336
1029	0.000326
1030	0.000132
1031	0.000111
1032	0.000190
1033	0.000135
1034	0.000112
1035	0.000137
1036	0.000174
1037	0.000148
1038	0.000118
1039	0.000233
1040	0.000356
1041	0.000206
1042	0.000140
1043	0.000132
1044	0.000140
1045	0.000133
1046	0.000108
1047	0.000318
1048	0.000399
1049	0.000351
1050	0.000118
1051	0.000194
1052	0.000209
1053	0.000115
1054	0.000273
1055	0.000124
1056	0.000301
1057	0.000117
1058	0.000131
1059	0.000490
1060	0.000169
1061	0.000135
1062	0.000132
1063	0.000204
1064	0.000151
1065	0.000107
1066	0.000177
1067	0.000187
1068	0.000304
1069	0.000190
1070	0.000223
1071	0.000108
1072	0.000161
1073	0.000114
1074	0.000301
1075	0.000328
1076	0.000465
1077	0.000153
1078	0.000518
1079	0.000433
1080	0.000165
1081	0.000139
1082	0.000172
1083	0.000399
1084	0.000147
1085	0.000379
1086	0.000493
1087	0.000114
1088	0.000195
1089	0.000140
1090	0.000125
1091	0.000169
1092	0.000263
1093	0.000116
1094	0.000127
1095	0.000130
1096	0.000105
1097	0.000206
1098	0.000231
1099	0.000164
1100	0.000175
1101	0.000424
1102	0.000159
1103	0.000126
1104	0.000207
1105	0.000109
1106	0.000132
1107	0.000451
1108	0.000151
1109	0.000167
1110	0.000285
1111	0.000121
1112	0.000263
1113	0.000148
1114	0.000146
1115	0.000149
1116	0.000203
1117	0.000426
1118	0.000202
1119	0.000105
1120	0.000163
1121	0.000128
1122	0.000149
1123	0.000298
1124	0.000407
1125	0.000412
1126	0.000503
1127	0.000134
1128	0.000365
1129	0.000169
1130	0.000301
1131	0.000136
1132	0.000446
1133	0.000124
1134	0.000119
1135	0.000309
1136	0.000256
1137	0.000188
1138	0.000131
1139	0.000151
1140	0.000176
1141	0.000132
1142	0.000135
1143	0.000131
1144	0.000217
1145	0.000105
1146	0.000441
1147	0.000110
1148	0.000174
1149	0.000368
1150	0.000134
1151	0.000125
1152	0.000144
1153	0.000433
1154	0.000121
1155	0.000150
1156	0.000363
1157	0.000109
1158	0.000174
1159	0.000207
1160	0.000331
1161	0.000152
1162	0.000111
1163	0.000367
1164	0.000192
1165	0.000147
1166	0.000162
1167	0.000158
1168	0.000110
1169	0.000121
1170	0.000167
1171	0.000164
1172	0.000394
1173	0.000363
1174	0.000196
1175	0.000400
1176	0.000106
1177	0.000131
1178	0.000123
1179	0.000145
1180	0.000243
1181	0.000350
1182	0.000359
1183	0.000166
1184	0.000439
1185	0.000447
1186	0.000154
1187	0.000211
1188	0.000159
1189	0.000139
1190	0.000152
1191	0.000452
1192	0.000196
1193	0.000156
1194	0.000108
1195	0.000289
1196	0.000171
1197	0.000122
1198	0.000334
1199	0.000497
1200	0.000107
1201	0.000264
1202	0.000109
1203	0.000130
1204	0.000204
1205	0.000344
1206	0.000105
1207	0.000290
1208	0.000107
1209	0.000296
1210	0.000141
1211	0.000453
1212	0.000127
1213	0.000138
1214	0.000351
1215	0.000148
1216	0.000198
1217	0.000191
1218	0.000124
1219	0.000252
1220	0.000133
1221	0.000174
1222	0.000396
1223	0.000143
1224	0.000116
1225	0.000154
1226	0.000135
1227	0.000183
1228	0.000137
1229	0.000151
1230	0.000388
1231	0.000174
1232	0.000180
1233	0.000106
1234	0.000118
1235	0.000197
1236	0.000168
1237	0.000187
1238	0.000404
1239	0.000132
1240	0.000121
1241	0.000142
1242	0.000332
1243	0.000353
1244	0.000116
1245	0.000161
1246	0.000138
1247	0.000149
1248	0.000112
1249	0.000118
1250	0.000395
1251	0.000173
1252	0.000112
1253	0.000105
1254	0.000115
1255	0.000388
1256	0.000389
1257	0.000156
1258	0.000146
1259	0.000143
1260	0.000137
1261	0.000188
1262	0.000106
1263	0.000114
1264	0.000114
1265	0.000181
1266	0.000137
1267	0.000380
1268	0.000114
1269	0.000380
1270	0.000105
1271	0.000332
1272	0.000305
1273	0.000178
1274	0.000221
1275	0.000151
1276	0.000106
1277	0.000236
1278	0.000188
1279	0.000149
1280	0.000279
1281	0.000160
1282	0.000185
1283	0.000159
1284	0.000182
1285	0.000241
1286	0.000135
1287	0.000283
1288	0.000318
1289	0.000314
1290	0.000305
1291	0.000366
1292	0.000157
1293	0.000242
1294	0.000123
1295	0.000112
1296	0.000126
1297	0.000117
1298	0.000169
1299	0.000131
1300	0.000132
1301	0.000113
1302	0.000357
1303	0.000162
1304	0.000131
1305	0.000330
1306	0.000126
1307	0.000226
1308	0.000119
1309	0.000159
1310	0.000126
1311	0.000125
1312	0.000292
1313	0.000133
1314	0.000171
1315	0.000145
1316	0.000146
1317	0.000132
1318	0.000155
1319	0.000176
1320	0.000173
1321	0.000148
1322	0.000202
1323	0.000284
1324	0.000153
1325	0.000180
1326	0.000105
1327	0.000200
1328	0.000196
1329	0.000370
1330	0.000365
1331	0.000397
1332	0.000153
1333	0.000183
1334	0.000309
1335	0.000381
1336	0.000241
1337	0.000157
1338	0.000155
1339	0.000326
1340	0.000255
1341	0.000366
1342	0.000114
1343	0.000150
1344	0.000300
1345	0.000209
1346	0.000112
1347	0.000191
1348	0.000132
1349	0.000151
1350	0.000144
1351	0.000269
1352	0.000466
1353	0.000113
1354	0.000117
1355	0.000132
1356	0.000121
1357	0.000169
1358	0.000183
1359	0.000280
1360	0.000149
1361	0.000368
1362	0.000107
1363	0.000158
1364	0.000122
1365	0.000212
1366	0.000154
1367	0.000403
1368	0.000118
1369	0.000200
1370	0.000334
1371	0.000190
1372	0.000110
1373	0.000164
1374	0.000147
1375	0.000260
1376	0.000417
1377	0.000420
1378	0.000176
1379	0.000168
1380	0.000294
1381	0.000138
1382	0.000138
1383	0.000107
1384	0.000118
1385	0.000119
1386	0.000105
1387	0.000121
1388	0.000279
1389	0.000215
1390	0.000427
1391	0.000405
1392	0.000151
1393	0.000207
1394	0.000109
1395	0.000105
1396	0.000147
1397	0.000126
1398	0.000201
1399	0.000414
1400	0.000128
1401	0.000135
1402	0.000264
1403	0.000118
1404	0.000163
1405	0.000184
1406	0.000140
1407	0.000174
1408	0.000140
1409	0.000314
1410	0.000131
1411	0.000131
1412	0.000128
1413	0.000172
1414	0.000115
1415	0.000128
1416	0.000325
1417	0.000113
1418	0.000122
1419	0.000141
1420	0.000383
1421	0.000133
1422	0.000123
1423	0.000173
1424	0.000129
1425	0.000138
1426	0.000175
1427	0.000156
1428	0.000125
1429	0.000136
1430	0.000105
1431	0.000453
1432	0.000163
1433	0.000130
1434	0.000126
1435	0.000170
1436	0.000139
1437	0.000219
1438	0.000142
1439	0.000163
1440	0.000150
1441	0.000123
1442	0.000118
1443	0.000111
1444	0.000142
1445	0.000146
1446	0.000131
1447	0.000356
1448	0.000160
1449	0.000284
1450	0.000138
1451	0.000132
1452	0.000179
1453	0.000126
1454	0.000146
1455	0.000109
1456	0.000348
1457	0.000242
1458	0.000163
1459	0.000202
1460	0.000194
1461	0.000113
1462	0.000185
1463	0.000129
1464	0.000123
1465	0.000254
1466	0.000105
1467	0.000337
1468	0.000170
1469	0.000145
1470	0.000241
1471	0.000392
1472	0.000163
1473	0.000142
1474	0.000109
1475	0.000174
1476	0.000113
1477	0.000117
1478	0.000116
1479	0.000185
1480	0.000267
1481	0.000119
1482	0.000138
1483	0.000283
1484	0.000143
1485	0.000198
1486	0.000112
1487	0.000150
1488	0.000339
1489	0.000133
1490	0.000115
1491	0.000342
1492	0.000113
1493	0.000159
1494	0.000133
1495	0.000168
1496	0.000137
1497	0.000133
1498	0.000115
1499	0.000122
1500	0.000124
1501	0.000131
1502	0.000170
1503	0.000130
1504	0.000143
1505	0.000168
1506	0.000111
1507	0.000128
1508	0.000139
1509	0.000341
1510	0.000106
1511	0.000138
1512	0.000128
1513	0.000193
1514	0.000130
1515	0.000169
1516	0.000387
1517	0.000178
1518	0.000124
1519	0.000162
1520	0.000320
1521	0.000114
1522	0.000370
1523	0.000226
1524	0.000194
1525	0.000143
1526	0.000121
1527	0.000120
1528	0.000233
1529	0.000135
1530	0.000309
1531	0.000121
1532	0.000184
1533	0.000173
1534	0.000149
1535	0.000225
1536	0.000155
1537	0.000126
1538	0.000244
1539	0.000260
1540	0.000212
1541	0.000124
1542	0.000213
1543	0.000127
1544	0.000121
1545	0.000130
1546	0.000111
1547	0.000322
1548	0.000173
1549	0.000134
1550	0.000144
1551	0.000374
1552	0.000113
1553	0.000154
1554	0.000363
1555	0.000138
1556	0.000150
1557	0.000345
1558	0.000105
1559	0.000387
1560	0.000104
1561	0.000130
1562	0.000126
1563	0.000297
1564	0.000123
1565	0.000135
1566	0.000117
1567	0.000134
1568	0.000159
1569	0.000148
1570	0.000302
1571	0.000219
1572	0.000182
1573	0.000183
1574	0.000143
1575	0.000120
1576	0.000166
1577	0.000304
1578	0.000138
1579	0.000108
1580	0.000259
1581	0.000104
1582	0.000145
1583	0.000188
1584	0.000397
1585	0.000125
1586	0.000107
1587	0.000155
1588	0.000127
1589	0.000399
1590	0.000243
1591	0.000185
1592	0.000125
1593	0.000133
1594	0.000123
1595	0.000142
1596	0.000169
1597	0.000291
1598	0.000312
1599	0.000112
1600	0.000289
1601	0.000160
1602	0.000112
1603	0.000333
1604	0.000317
1605	0.000248
1606	0.000126
1607	0.000114
1608	0.000291
1609	0.000244
1610	0.000355
1611	0.000164
1612	0.000366
1613	0.000358
1614	0.000216
1615	0.000123
1616	0.000136
1617	0.000283
1618	0.000145
1619	0.000272
1620	0.000277
1621	0.000361
1622	0.000342
1623	0.000256
1624	0.000124
1625	0.000120
1626	0.000150
1627	0.000108
1628	0.000168
1629	0.000143
1630	0.000152
1631	0.000110
1632	0.000228
1633	0.000117
1634	0.000125
1635	0.000133
1636	0.000164
1637	0.000241
1638	0.000136
1639	0.000217
1640	0.000113
1641	0.000118
1642	0.000137
1643	0.000254
1644	0.000201
1645	0.000139
1646	0.000123
1647	0.000146
1648	0.000148
1649	0.000136
1650	0.000121
1651	0.000115
1652	0.000222
1653	0.000215
1654	0.000109
1655	0.000148
1656	0.000138
1657	0.000115
1658	0.000125
1659	0.000223
1660	0.000119
1661	0.000168
1662	0.000305
1663	0.000388
1664	0.000115
1665	0.000279
1666	0.000138
1667	0.000119
1668	0.000276
1669	0.000288
1670	0.000119
1671	0.000122
1672	0.000119
1673	0.000126
1674	0.000133
1675	0.000255
1676	0.000117
1677	0.000125
1678	0.000127
1679	0.000120
1680	0.000154
1681	0.000118
1682	0.000135
1683	0.000268
1684	0.000347
1685	0.000234
1686	0.000125
1687	0.000136
1688	0.000221
1689	0.000270
1690	0.000106
1691	0.000149
1692	0.000131
1693	0.000112
1694	0.000122
1695	0.000122
1696	0.000112
1697	0.000114
1698	0.000120
1699	0.000127
1700	0.000126
1701	0.000110
1702	0.000147
1703	0.000139
1704	0.000122
1705	0.000125
1706	0.000132
1707	0.000336
1708	0.000111
1709	0.000137
1710	0.000125
1711	0.000109
1712	0.000246
1713	0.000107
1714	0.000336
1715	0.000154
1716	0.000147
1717	0.000280
1718	0.000264
1719	0.000119
1720	0.000141
1721	0.000260
1722	0.000169
1723	0.000180
1724	0.000173
1725	0.000131
1726	0.000123
1727	0.000124
1728	0.000127
1729	0.000152
1730	0.000356
1731	0.000109
1732	0.000135
1733	0.000166
1734	0.000175
1735	0.000248
1736	0.000296
1737	0.000210
1738	0.000119
1739	0.000114
1740	0.000124
1741	0.000233
1742	0.000150
1743	0.000117
1744	0.000124
1745	0.000116
1746	0.000334
1747	0.000142
1748	0.000111
1749	0.000110
1750	0.000260
1751	0.000136
1752	0.000243
1753	0.000210
1754	0.000169
1755	0.000106
1756	0.000112
1757	0.000264
1758	0.000130
1759	0.000108
1760	0.000111
1761	0.000244
1762	0.000107
1763	0.000122
1764	0.000121
1765	0.000179
1766	0.000126
1767	0.000122
1768	0.000327
1769	0.000130
1770	0.000130
1771	0.000128
1772	0.000179
1773	0.000116
1774	0.000147
1775	0.000114
1776	0.000114
1777	0.000108
1778	0.000125
1779	0.000119
1780	0.000122
1781	0.000122
1782	0.000185
1783	0.000179
1784	0.000134
1785	0.000121
1786	0.000168
1787	0.000162
1788	0.000111
1789	0.000225
1790	0.000125
1791	0.000257
1792	0.000109
1793	0.000275
1794	0.000141
1795	0.000206
1796	0.000191
1797	0.000109
1798	0.000154
1799	0.000276
1800	0.000352
1801	0.000115
1802	0.000124
1803	0.000121
1804	0.000312
1805	0.000125
1806	0.000123
1807	0.000135
1808	0.000125
1809	0.000229
1810	0.000220
1811	0.000176
1812	0.000135
1813	0.000266
1814	0.000109
1815	0.000116
1816	0.000249
1817	0.000116
1818	0.000126
1819	0.000196
1820	0.000148
1821	0.000138
1822	0.000110
1823	0.000262
1824	0.000142
1825	0.000120
1826	0.000225
1827	0.000325
1828	0.000140
1829	0.000113
1830	0.000115
1831	0.000123
1832	0.000156
1833	0.000321
1834	0.000104
1835	0.000303
1836	0.000126
1837	0.000154
1838	0.000109
1839	0.000289
1840	0.000109
1841	0.000130
1842	0.000243
1843	0.000148
1844	0.000138
1845	0.000207
1846	0.000136
1847	0.000120
1848	0.000127
1849	0.000244
1850	0.000122
1851	0.000139
1852	0.000117
1853	0.000110
1854	0.000106
1855	0.000108
1856	0.000109
1857	0.000150
1858	0.000123
1859	0.000132
1860	0.000118
1861	0.000206
1862	0.000137
1863	0.000149
1864	0.000221
1865	0.000109
1866	0.000123
1867	0.000234
1868	0.000234
1869	0.000112
1870	0.000116
1871	0.000153
1872	0.000134
1873	0.000130
1874	0.000120
1875	0.000118
1876	0.000166
1877	0.000171
1878	0.000120
1879	0.000271
1880	0.000147
1881	0.000138
1882	0.000130
1883	0.000115
1884	0.000124
1885	0.000124
1886	0.000218
1887	0.000112
1888	0.000358
1889	0.000119
1890	0.000108
1891	0.000178
1892	0.000121
1893	0.000152
1894	0.000141
1895	0.000150
1896	0.000115
1897	0.000125
1898	0.000209
1899	0.000150
1900	0.000130
1901	0.000112
1902	0.000240
1903	0.000127
1904	0.000117
1905	0.000110
1906	0.000114
1907	0.000123
1908	0.000109
1909	0.000134
1910	0.000117
1911	0.000128
1912	0.000394
1913	0.000126
1914	0.000151
1915	0.000115
1916	0.000199
1917	0.000331
1918	0.000311
1919	0.000157
1920	0.000237
1921	0.000145
1922	0.000118
1923	0.000163
1924	0.000110
1925	0.000277
1926	0.000237
1927	0.000157
1928	0.000129
1929	0.000304
1930	0.000118
1931	0.000143
1932	0.000214
1933	0.000114
1934	0.000115
1935	0.000150
1936	0.000124
1937	0.000108
1938	0.000329
1939	0.000193
1940	0.000212
1941	0.000320
1942	0.000161
1943	0.000328
1944	0.000136
1945	0.000247
1946	0.000328
1947	0.000225
1948	0.000222
1949	0.000111
1950	0.000116
1951	0.000162
1952	0.000125
1953	0.000276
1954	0.000201
1955	0.000207
1956	0.000110
1957	0.000140
1958	0.000136
1959	0.000228
1960	0.000138
1961	0.000110
1962	0.000323
1963	0.000235
1964	0.000181
1965	0.000122
1966	0.000308
1967	0.000105
1968	0.000137
1969	0.000109
1970	0.000179
1971	0.000311
1972	0.000165
1973	0.000161
1974	0.000110
1975	0.000131
1976	0.000141
1977	0.000111
1978	0.000118
1979	0.000310
1980	0.000151
1981	0.000166
1982	0.000122
1983	0.000321
1984	0.000310
1985	0.000332
1986	0.000290
1987	0.000150
1988	0.000122
1989	0.000229
1990	0.000120
1991	0.000146
1992	0.000115
1993	0.000320
1994	0.000179
1995	0.000155
1996	0.000107
1997	0.000276
1998	0.000149
1999	0.000132
2000	0.000131
2001	0.000152
2002	0.000197
2003	0.000155
2004	0.000143
2005	0.000291
2006	0.000143
2007	0.000258
2008	0.000109
2009	0.000139
2010	0.000198
2011	0.000133
2012	0.000116
2013	0.000110
2014	0.000112
2015	0.000108
2016	0.000119
2017	0.000109
2018	0.000144
2019	0.000126
2020	0.000292
2021	0.000149
2022	0.000139
2023	0.000124
2024	0.000142
2025	0.000127
2026	0.000207
2027	0.000136
2028	0.000214
2029	0.000139
2030	0.000308
2031	0.000155
2032	0.000238
2033	0.000299
2034	0.000109
2035	0.000126
2036	0.000124
2037	0.000292
2038	0.000217
2039	0.000217
2040	0.000279
2041	0.000109
2042	0.000204
2043	0.000295
2044	0.000134
2045	0.000298
2046	0.000257
2047	0.000251
2048	0.000120
2049	0.000131
2050	0.000121
2051	0.000110
2052	0.000210
2053	0.000213
2054	0.000241
2055	0.000202
2056	0.000238
2057	0.000151
2058	0.000204
2059	0.000306
2060	0.000234
2061	0.000138
2062	0.000180
2063	0.000269
2064	0.000298
2065	0.000134
2066	0.000112
2067	0.000140
2068	0.000228
2069	0.000283
2070	0.000114
2071	0.000219
2072	0.000217
2073	0.000302
2074	0.000282
2075	0.000150
2076	0.000116
2077	0.000252
2078	0.000303
2079	0.000105
2080	0.000112
2081	0.000240
2082	0.000118
2083	0.000266
2084	0.000253
2085	0.000123
2086	0.000257
2087	0.000231
2088	0.000297
2089	0.000122
2090	0.000292
2091	0.000123
2092	0.000151
2093	0.000282
2094	0.000108
2095	0.000264
2096	0.000123
2097	0.000129
2098	0.000235
2099	0.000116
2100	0.000108
2101	0.000169
2102	0.000218
2103	0.000284
2104	0.000282
2105	0.000110
2106	0.000106
2107	0.000133
2108	0.000272
2109	0.000248
2110	0.000144
2111	0.000242
2112	0.000263
2113	0.000109
2114	0.000114
2115	0.000248
2116	0.000149
2117	0.000216
2118	0.000284
2119	0.000114
2120	0.000120
2121	0.000264
2122	0.000255
2123	0.000288
2124	0.000269
2125	0.000207
2126	0.000139
2127	0.000202
2128	0.000186
2129	0.000129
2130	0.000111
2131	0.000283
2132	0.000183
2133	0.000224
2134	0.000180
2135	0.000184
2136	0.000187
2137	0.000153
2138	0.000215
2139	0.000273
2140	0.000267
2141	0.000123
2142	0.000289
2143	0.000188
2144	0.000175
2145	0.000136
2146	0.000119
2147	0.000148
2148	0.000182
2149	0.000207
2150	0.000277
2151	0.000180
2152	0.000114
2153	0.000214
2154	0.000258
2155	0.000140
2156	0.000117
2157	0.000130
2158	0.000112
2159	0.000132
2160	0.000115
2161	0.000172
2162	0.000112
2163	0.000132
2164	0.000202
2165	0.000231
2166	0.000111
2167	0.000106
2168	0.000105
2169	0.000193
2170	0.000116
2171	0.000143
2172	0.000273
2173	0.000118
2174	0.000198
2175	0.000111
2176	0.000189
2177	0.000116
2178	0.000105
2179	0.000204
2180	0.000196
2181	0.000115
2182	0.000111
2183	0.000204
2184	0.000269
2185	0.000116
2186	0.000117
2187	0.000213
2188	0.000272
2189	0.000195
2190	0.000255
2191	0.000176
2192	0.000129
2193	0.000112
2194	0.000187
2195	0.000104
2196	0.000187
2197	0.000114
2198	0.000150
2199	0.000220
2200	0.000259
2201	0.000269
2202	0.000133
2203	0.000177
2204	0.000106
2205	0.000115
2206	0.000277
2207	0.000119
2208	0.000126
2209	0.000131
2210	0.000202
2211	0.000141
2212	0.000235
2213	0.000206
2214	0.000124
2215	0.000147
2216	0.000228
2217	0.000111
2218	0.000271
2219	0.000107
2220	0.000266
2221	0.000136
2222	0.000139
2223	0.000188
2224	0.000194
2225	0.000127
2226	0.000141
2227	0.000110
2228	0.000124
2229	0.000269
2230	0.000107
2231	0.000127
2232	0.000154
2233	0.000275
2234	0.000130
2235	0.000158
2236	0.000126
2237	0.000218
2238	0.000111
2239	0.000138
2240	0.000265
2241	0.000186
2242	0.000131
2243	0.000151
2244	0.000264
2245	0.000107
2246	0.000171
2247	0.000187
2248	0.000112
2249	0.000120
2250	0.000181
2251	0.000108
2252	0.000113
2253	0.000238
2254	0.000166
2255	0.000110
2256	0.000108
2257	0.000235
2258	0.000153
2259	0.000146
2260	0.000112
2261	0.000217
2262	0.000117
2263	0.000109
2264	0.000156
2265	0.000110
2266	0.000289
2267	0.000161
2268	0.000184
2269	0.000104
2270	0.000114
2271	0.000263
2272	0.000122
2273	0.000165
2274	0.000130
2275	0.000266
2276	0.000244
2277	0.000114
2278	0.000256
2279	0.000189
2280	0.000145
2281	0.000107
2282	0.000199
2283	0.000202
2284	0.000135
2285	0.000143
2286	0.000115
2287	0.000175
2288	0.000121
2289	0.000197
2290	0.000262
2291	0.000113
2292	0.000192
2293	0.000144
2294	0.000177
2295	0.000120
2296	0.000123
2297	0.000125
2298	0.000116
2299	0.000243
2300	0.000211
2301	0.000107
2302	0.000180
2303	0.000127
2304	0.000147
2305	0.000114
2306	0.000211
2307	0.000232
2308	0.000241
2309	0.000266
2310	0.000117
2311	0.000155
2312	0.000116
2313	0.000144
2314	0.000112
2315	0.000152
2316	0.000110
2317	0.000122
2318	0.000123
2319	0.000179
2320	0.000113
2321	0.000106
2322	0.000128
2323	0.000255
2324	0.000261
2325	0.000146
2326	0.000253
2327	0.000180
2328	0.000196
2329	0.000213
2330	0.000134
2331	0.000256
2332	0.000166
2333	0.000192
2334	0.000222
2335	0.000118
2336	0.000190
2337	0.000125
2338	0.000168
2339	0.000248
2340	0.000259
2341	0.000111
2342	0.000118
2343	0.000149
2344	0.000171
2345	0.000134
2346	0.000125
2347	0.000276
2348	0.000217
2349	0.000114
2350	0.000123
2351	0.000165
2352	0.000226
2353	0.000171
2354	0.000231
2355	0.000122
2356	0.000228
2357	0.000111
2358	0.000107
2359	0.000212
2360	0.000108
2361	0.000117
2362	0.000116
2363	0.000224
2364	0.000138
2365	0.000130
2366	0.000120
2367	0.000131
2368	0.000147
2369	0.000238
2370	0.000216
2371	0.000113
2372	0.000161
2373	0.000107
2374	0.000223
2375	0.000107
2376	0.000225
2377	0.000157
2378	0.000129
2379	0.000122
2380	0.000106
2381	0.000225
2382	0.000105
2383	0.000124
2384	0.000199
2385	0.000133
2386	0.000203
2387	0.000137
2388	0.000106
2389	0.000118
2390	0.000130
2391	0.000150
2392	0.000175
2393	0.000122
2394	0.000156
2395	0.000223
2396	0.000140
2397	0.000114
2398	0.000167
2399	0.000146
2400	0.000114
2401	0.000114
2402	0.000108
2403	0.000109
2404	0.000214
2405	0.000109
2406	0.000118
2407	0.000169
2408	0.000208
2409	0.000220
2410	0.000233
2411	0.000112
2412	0.000112
2413	0.000112
2414	0.000222
2415	0.000124
2416	0.000121
2417	0.000140
2418	0.000183
2419	0.000161
2420	0.000149
2421	0.000107
2422	0.000107
2423	0.000210
2424	0.000108
2425	0.000121
2426	0.000114
2427	0.000120
2428	0.000223
2429	0.000158
2430	0.000198
2431	0.000107
2432	0.000118
2433	0.000200
2434	0.000146
2435	0.000117
2436	0.000157
2437	0.000106
2438	0.000137
2439	0.000109
2440	0.000113
2441	0.000106
2442	0.000106
2443	0.000116
2444	0.000111
2445	0.000144
2446	0.000206
2447	0.000125
2448	0.000113
2449	0.000130
2450	0.000109
2451	0.000161
2452	0.000108
2453	0.000110
2454	0.000114
2455	0.000107
2456	0.000105
2457	0.000104
2458	0.000155
2459	0.000123
2460	0.000211
2461	0.000166
2462	0.000164
2463	0.000167
2464	0.000226
2465	0.000137
2466	0.000108
2467	0.000186
2468	0.000208
2469	0.000190
2470	0.000104
2471	0.000170
2472	0.000143
2473	0.000129
2474	0.000111
2475	0.000151
2476	0.000124
2477	0.000175
2478	0.000157
2479	0.000125
2480	0.000115
2481	0.000106
2482	0.000201
2483	0.000105
2484	0.000183
2485	0.000188
2486	0.000111
2487	0.000107
2488	0.000113
2489	0.000169
2490	0.000110
2491	0.000163
2492	0.000208
2493	0.000107
2494	0.000123
2495	0.000191
2496	0.000115
2497	0.000110
2498	0.000147
2499	0.000159
2500	0.000208
2501	0.000141
2502	0.000127
2503	0.000108
2504	0.000193
2505	0.000106
2506	0.000179
2507	0.000216
2508	0.000152
2509	0.000165
2510	0.000171
2511	0.000168
2512	0.000154
2513	0.000109
2514	0.000108
2515	0.000109
2516	0.000146
2517	0.000106
2518	0.000126
2519	0.000121
2520	0.000204
2521	0.000186
2522	0.000111
2523	0.000108
2524	0.000112
2525	0.000118
2526	0.000214
2527	0.000105
2528	0.000107
2529	0.000121
2530	0.000118
2531	0.000114
2532	0.000168
2533	0.000152
2534	0.000108
2535	0.000107
2536	0.000143
2537	0.000146
2538	0.000130
2539	0.000182
2540	0.000114
2541	0.000104
2542	0.000208
2543	0.000239
2544	0.000115
2545	0.000107
2546	0.000183
2547	0.000129
2548	0.000107
2549	0.000192
2550	0.000192
2551	0.000189
2552	0.000166
2553	0.000195
2554	0.000156
2555	0.000164
2556	0.000175
2557	0.000116
2558	0.000111
2559	0.000192
2560	0.000205
2561	0.000184
2562	0.000107
2563	0.000163
2564	0.000199
2565	0.000106
2566	0.000111
2567	0.000150
2568	0.000108
2569	0.000104
2570	0.000110
2571	0.000118
2572	0.000111
2573	0.000183
2574	0.000157
2575	0.000175
2576	0.000126
2577	0.000109
2578	0.000188
2579	0.000164
2580	0.000106
2581	0.000114
2582	0.000143
2583	0.000126
2584	0.000110
2585	0.000123
2586	0.000196
2587	0.000108
2588	0.000139
2589	0.000136
2590	0.000198
2591	0.000153
2592	0.000151
2593	0.000193
2594	0.000137
2595	0.000104
2596	0.000104
2597	0.000144
2598	0.000164
2599	0.000111
2600	0.000190
2601	0.000193
2602	0.000195
2603	0.000130
2604	0.000195
2605	0.000111
2606	0.000143
2607	0.000193
2608	0.000139
2609	0.000123
2610	0.000122
2611	0.000195
2612	0.000113
2613	0.000119
2614	0.000110
2615	0.000188
2616	0.000145
2617	0.000150
2618	0.000111
2619	0.000179
2620	0.000128
2621	0.000106
2622	0.000110
2623	0.000163
2624	0.000187
2625	0.000186
2626	0.000119
2627	0.000123
2628	0.000112
2629	0.000156
2630	0.000180
2631	0.000155
2632	0.000106
2633	0.000122
2634	0.000106
2635	0.000111
2636	0.000121
2637	0.000116
2638	0.000177
2639	0.000118
2640	0.000127
2641	0.000111
2642	0.000152
2643	0.000146
2644	0.000112
2645	0.000125
2646	0.000162
2647	0.000123
2648	0.000122
2649	0.000152
2650	0.000108
2651	0.000106
2652	0.000122
2653	0.000134
2654	0.000170
2655	0.000176
2656	0.000109
2657	0.000123
2658	0.000117
2659	0.000123
2660	0.000118
2661	0.000209
2662	0.000149
2663	0.000136
2664	0.000205
2665	0.000161
2666	0.000183
2667	0.000127
2668	0.000141
2669	0.000215
2670	0.000124
2671	0.000111
2672	0.000148
2673	0.000145
2674	0.000185
2675	0.000148
2676	0.000201
2677	0.000119
2678	0.000112
2679	0.000208
2680	0.000172
2681	0.000164
2682	0.000122
2683	0.000189
2684	0.000138
2685	0.000118
2686	0.000132
2687	0.000131
2688	0.000116
2689	0.000183
2690	0.000138
2691	0.000107
2692	0.000110
2693	0.000122
2694	0.000207
2695	0.000118
2696	0.000124
2697	0.000120
2698	0.000188
2699	0.000117
2700	0.000119
2701	0.000135
2702	0.000130
2703	0.000122
2704	0.000106
2705	0.000138
2706	0.000176
2707	0.000120
2708	0.000143
2709	0.000116
2710	0.000119
2711	0.000139
2712	0.000151
2713	0.000136
2714	0.000107
2715	0.000136
2716	0.000188
2717	0.000172
2718	0.000139
2719	0.000191
2720	0.000153
2721	0.000110
2722	0.000107
2723	0.000115
2724	0.000170
2725	0.000111
2726	0.000124
2727	0.000119
2728	0.000144
2729	0.000165
2730	0.000185
2731	0.000134
2732	0.000111
2733	0.000128
2734	0.000126
2735	0.000122
2736	0.000109
2737	0.000127
2738	0.000180
2739	0.000137
2740	0.000106
2741	0.000162
2742	0.000201
2743	0.000153
2744	0.000119
2745	0.000144
2746	0.000126
2747	0.000117
2748	0.000171
2749	0.000169
2750	0.000202
2751	0.000138
2752	0.000110
2753	0.000154
2754	0.000223
2755	0.000201
2756	0.000157
2757	0.000194
2758	0.000151
2759	0.000129
2760	0.000112
2761	0.000135
2762	0.000127
2763	0.000173
2764	0.000126
2765	0.000151
2766	0.000117
2767	0.000110
2768	0.000135
2769	0.000117
2770	0.000146
2771	0.000116
2772	0.000133
2773	0.000168
2774	0.000108
2775	0.000132
2776	0.000108
2777	0.000193
2778	0.000185
2779	0.000125
2780	0.000154
2781	0.000163
2782	0.000203
2783	0.000139
2784	0.000131
2785	0.000141
2786	0.000203
2787	0.000154
2788	0.000105
2789	0.000124
2790	0.000111
2791	0.000116
2792	0.000106
2793	0.000197
2794	0.000122
2795	0.000126
2796	0.000159
2797	0.000127
2798	0.000106
2799	0.000109
2800	0.000190
2801	0.000114
2802	0.000117
2803	0.000122
2804	0.000114
2805	0.000110
2806	0.000140
2807	0.000126
2808	0.000106
2809	0.000121
2810	0.000164
2811	0.000111
2812	0.000125
2813	0.000123
2814	0.000105
2815	0.000166
2816	0.000116
2817	0.000107
2818	0.000114
2819	0.000129
2820	0.000118
2821	0.000116
2822	0.000116
2823	0.000138
2824	0.000109
2825	0.000124
2826	0.000111
2827	0.000183
2828	0.000170
2829	0.000132
2830	0.000127
2831	0.000123
2832	0.000135
2833	0.000174
2834	0.000112
2835	0.000152
2836	0.000133
2837	0.000115
2838	0.000106
2839	0.000220
2840	0.000141
2841	0.000133
2842	0.000105
2843	0.000131
2844	0.000133
2845	0.000126
2846	0.000127
2847	0.000112
2848	0.000120
2849	0.000171
2850	0.000147
2851	0.000125
2852	0.000117
2853	0.000156
2854	0.000129
2855	0.000107
2856	0.000114
2857	0.000105
2858	0.000121
2859	0.000116
2860	0.000106
2861	0.000111
2862	0.000177
2863	0.000179
2864	0.000176
2865	0.000137
2866	0.000183
2867	0.000181
2868	0.000115
2869	0.000159
2870	0.000127
2871	0.000145
2872	0.000180
2873	0.000174
2874	0.000149
2875	0.000153
2876	0.000116
2877	0.000198
2878	0.000115
2879	0.000120
2880	0.000169
2881	0.000144
2882	0.000112
2883	0.000114
2884	0.000110
2885	0.000106
2886	0.000109
2887	0.000143
2888	0.000117
2889	0.000121
2890	0.000182
2891	0.000126
2892	0.000128
2893	0.000111
2894	0.000158
2895	0.000112
2896	0.000150
2897	0.000158
2898	0.000111
2899	0.000109
2900	0.000116
2901	0.000162
2902	0.000109
2903	0.000110
2904	0.000157
2905	0.000172
2906	0.000186
2907	0.000135
2908	0.000130
2909	0.000171
2910	0.000176
2911	0.000165
2912	0.000157
2913	0.000169
2914	0.000137
2915	0.000178
2916	0.000176
2917	0.000119
2918	0.000123
2919	0.000162
2920	0.000162
2921	0.000143
2922	0.000106
2923	0.000117
2924	0.000138
2925	0.000167
2926	0.000109
2927	0.000178
2928	0.000173
2929	0.000144
2930	0.000110
2931	0.000147
2932	0.000138
2933	0.000111
2934	0.000119
2935	0.000110
2936	0.000152
2937	0.000152
2938	0.000123
2939	0.000158
2940	0.000154
2941	0.000113
2942	0.000113
2943	0.000164
2944	0.000180
2945	0.000145
2946	0.000149
2947	0.000122
2948	0.000121
2949	0.000113
2950	0.000151
2951	0.000187
2952	0.000106
2953	0.000132
2954	0.000115
2955	0.000141
2956	0.000174
2957	0.000114
2958	0.000142
2959	0.000118
2960	0.000171
2961	0.000113
2962	0.000118
2963	0.000106
2964	0.000118
2965	0.000121
2966	0.000180
2967	0.000121
2968	0.000113
2969	0.000155
2970	0.000142
2971	0.000106
2972	0.000117
2973	0.000161
2974	0.000146
2975	0.000106
2976	0.000135
2977	0.000129
2978	0.000122
2979	0.000115
2980	0.000107
2981	0.000123
2982	0.000116
2983	0.000111
2984	0.000126
2985	0.000149
2986	0.000171
2987	0.000127
2988	0.000148
2989	0.000148
2990	0.000115
2991	0.000152
2992	0.000157
2993	0.000146
2994	0.000150
2995	0.000115
2996	0.000135
2997	0.000109
2998	0.000106
2999	0.000115
3000	0.000165
3001	0.000128
3002	0.000163
3003	0.000106
3004	0.000139
3005	0.000144
3006	0.000105
3007	0.000125
3008	0.000115
3009	0.000121
3010	0.000129
3011	0.000136
3012	0.000108
3013	0.000121
3014	0.000134
3015	0.000110
3016	0.000129
3017	0.000161
3018	0.000132
3019	0.000156
3020	0.000117
3021	0.000144
3022	0.000160
3023	0.000126
3024	0.000118
3025	0.000141
3026	0.000167
3027	0.000153
3028	0.000108
3029	0.000138
3030	0.000111
3031	0.000104
3032	0.000123
3033	0.000162
3034	0.000142
3035	0.000165
3036	0.000130
3037	0.000106
3038	0.000164
3039	0.000125
3040	0.000141
3041	0.000123
3042	0.000119
3043	0.000117
3044	0.000108
3045	0.000109
3046	0.000129
3047	0.000137
3048	0.000116
3049	0.000157
3050	0.000115
3051	0.000169
3052	0.000137
3053	0.000110
3054	0.000156
3055	0.000107
3056	0.000153
3057	0.000115
3058	0.000114
3059	0.000107
3060	0.000155
3061	0.000114
3062	0.000128
3063	0.000107
3064	0.000145
3065	0.000138
3066	0.000109
3067	0.000115
3068	0.000117
3069	0.000118
3070	0.000148
3071	0.000104
3072	0.000122
3073	0.000140
3074	0.000107
3075	0.000116
3076	0.000159
3077	0.000144
3078	0.000163
3079	0.000127
3080	0.000122
3081	0.000121
3082	0.000176
3083	0.000107
3084	0.000150
3085	0.000134
3086	0.000133
3087	0.000141
3088	0.000114
3089	0.000145
3090	0.000165
3091	0.000107
3092	0.000114
3093	0.000118
3094	0.000109
3095	0.000115
3096	0.000150
3097	0.000130
3098	0.000143
3099	0.000108
3100	0.000131
3101	0.000177
3102	0.000138
3103	0.000120
3104	0.000151
3105	0.000110
3106	0.000145
3107	0.000134
3108	0.000140
3109	0.000117
3110	0.000115
3111	0.000147
3112	0.000112
3113	0.000148
3114	0.000131
3115	0.000144
3116	0.000165
3117	0.000137
3118	0.000136
3119	0.000143
3120	0.000150
3121	0.000106
3122	0.000108
3123	0.000123
3124	0.000121
3125	0.000105
3126	0.000107
3127	0.000106
3128	0.000107
3129	0.000125
3130	0.000110
3131	0.000109
3132	0.000156
3133	0.000111
3134	0.000105
3135	0.000124
3136	0.000146
3137	0.000133
3138	0.000114
3139	0.000116
3140	0.000145
3141	0.000109
3142	0.000137
3143	0.000106
3144	0.000116
3145	0.000145
3146	0.000141
3147	0.000106
3148	0.000123
3149	0.000142
3150	0.000155
3151	0.000113
3152	0.000152
3153	0.000110
3154	0.000151
3155	0.000108
3156	0.000114
3157	0.000115
3158	0.000133
3159	0.000109
3160	0.000120
3161	0.000108
3162	0.000133
3163	0.000117
3164	0.000109
3165	0.000108
3166	0.000124
3167	0.000117
3168	0.000127
3169	0.000139
3170	0.000121
3171	0.000116
3172	0.000145
3173	0.000114
3174	0.000145
3175	0.000108
3176	0.000118
3177	0.000125
3178	0.000116
3179	0.000139
3180	0.000108
3181	0.000108
3182	0.000141
3183	0.000104
3184	0.000138
3185	0.000146
3186	0.000116
3187	0.000128
3188	0.000132
3189	0.000118
3190	0.000112
3191	0.000126
3192	0.000113
3193	0.000118
3194	0.000113
3195	0.000143
3196	0.000130
3197	0.000110
3198	0.000147
3199	0.000117
3200	0.000108
3201	0.000152
3202	0.000111
3203	0.000123
3204	0.000129
3205	0.000112
3206	0.000132
3207	0.000124
3208	0.000110
3209	0.000116
3210	0.000112
3211	0.000116
3212	0.000121
3213	0.000124
3214	0.000132
3215	0.000117
3216	0.000106
3217	0.000108
3218	0.000107
3219	0.000125
3220	0.000132
3221	0.000116
3222	0.000113
3223	0.000116
3224	0.000136
3225	0.000119
3226	0.000145
3227	0.000107
3228	0.000124
3229	0.000111
3230	0.000104
3231	0.000117
3232	0.000157
3233	0.000131
3234	0.000122
3235	0.000109
3236	0.000117
3237	0.000120
3238	0.000126
3239	0.000140
3240	0.000140
3241	0.000112
3242	0.000110
3243	0.000120
3244	0.000109
3245	0.000112
3246	0.000110
3247	0.000139
3248	0.000118
3249	0.000110
3250	0.000122
3251	0.000108
3252	0.000149
3253	0.000133
3254	0.000111
3255	0.000120
3256	0.000139
3257	0.000126
3258	0.000127
3259	0.000118
3260	0.000119
3261	0.000132
3262	0.000115
3263	0.000126
3264	0.000121
3265	0.000127
3266	0.000108
3267	0.000140
3268	0.000104
3269	0.000108
3270	0.000106
3271	0.000106
3272	0.000127
3273	0.000115
3274	0.000134
3275	0.000116
3276	0.000113
3277	0.000138
3278	0.000111
3279	0.000115
3280	0.000152
3281	0.000111
3282	0.000105
3283	0.000115
3284	0.000139
3285	0.000115
3286	0.000115
3287	0.000126
3288	0.000128
3289	0.000115
3290	0.000106
3291	0.000158
3292	0.000109
3293	0.000135
3294	0.000116
3295	0.000122
3296	0.000124
3297	0.000132
3298	0.000124
3299	0.000132
3300	0.000112
3301	0.000124
3302	0.000131
3303	0.000120
3304	0.000119
3305	0.000106
3306	0.000114
3307	0.000112
3308	0.000108
3309	0.000116
3310	0.000105
3311	0.000111
3312	0.000112
3313	0.000116
3314	0.000113
3315	0.000110
3316	0.000121
3317	0.000107
3318	0.000114
3319	0.000116
3320	0.000152
3321	0.000136
3322	0.000106
3323	0.000107
3324	0.000140
3325	0.000114
3326	0.000111
3327	0.000123
3328	0.000111
3329	0.000111
3330	0.000145
3331	0.000118
3332	0.000131
3333	0.000108
3334	0.000108
3335	0.000131
3336	0.000105
3337	0.000112
3338	0.000111
3339	0.000136
3340	0.000110
3341	0.000116
3342	0.000132
3343	0.000109
3344	0.000137
3345	0.000131
3346	0.000117
3347	0.000137
3348	0.000139
3349	0.000109
3350	0.000135
3351	0.000138
3352	0.000109
3353	0.000129
3354	0.000107
3355	0.000126
3356	0.000112
3357	0.000110
3358	0.000109
3359	0.000111
3360	0.000131
3361	0.000109
3362	0.000136
3363	0.000156
3364	0.000125
3365	0.000121
3366	0.000127
3367	0.000109
3368	0.000107
3369	0.000118
3370	0.000106
3371	0.000110
3372	0.000107
3373	0.000110
3374	0.000109
3375	0.000105
3376	0.000110
3377	0.000116
3378	0.000127
3379	0.000113
3380	0.000111
3381	0.000125
3382	0.000112
3383	0.000109
3384	0.000124
3385	0.000121
3386	0.000125
3387	0.000143
3388	0.000109
3389	0.000106
3390	0.000114
3391	0.000125
3392	0.000112
3393	0.000110
3394	0.000115
3395	0.000118
3396	0.000132
3397	0.000146
3398	0.000107
3399	0.000119
3400	0.000117
3401	0.000109
3402	0.000111
3403	0.000122
3404	0.000110
3405	0.000108
3406	0.000130
3407	0.000104
3408	0.000105
3409	0.000109
3410	0.000110
3411	0.000126
3412	0.000119
3413	0.000106
3414	0.000111
3415	0.000114
3416	0.000124
3417	0.000138
3418	0.000108
3419	0.000127
3420	0.000111
3421	0.000111
3422	0.000118
3423	0.000111
3424	0.000106
3425	0.000109
3426	0.000146
3427	0.000108
3428	0.000107
3429	0.000106
3430	0.000111
3431	0.000111
3432	0.000106
3433	0.000128
3434	0.000141
3435	0.000122
3436	0.000107
3437	0.000410
3438	0.000227
3439	0.000137
3440	0.000225
3441	0.000128
3442	0.000226
3443	0.000186
3444	0.000122
3445	0.000130
3446	0.000142
3447	0.000125
3448	0.000296
3449	0.000286
3450	0.000189
3451	0.000108
3452	0.000179
3453	0.000108
3454	0.000153
3455	0.000212
3456	0.000294
3457	0.000130
3458	0.000172
3459	0.000153
3460	0.000197
3461	0.000142
3462	0.000190
3463	0.000180
3464	0.000205
3465	0.000149
3466	0.000186
3467	0.000116
3468	0.000188
3469	0.000191
3470	0.000158
3471	0.000213
3472	0.000157
3473	0.000146
3474	0.000165
3475	0.000235
3476	0.000144
3477	0.000122
3478	0.000144
3479	0.000142
3480	0.000222
3481	0.000139
3482	0.000148
3483	0.000137
3484	0.000171
3485	0.000187
3486	0.000189
3487	0.000125
3488	0.000274
3489	0.000115
3490	0.000150
3491	0.000201
3492	0.000132
3493	0.000162
3494	0.000114
3495	0.000286
3496	0.000150
3497	0.000207
3498	0.000166
3499	0.000156
3500	0.000149
3501	0.000281
3502	0.000122
3503	0.000143
3504	0.000122
3505	0.000153
3506	0.000218
3507	0.000131
3508	0.000149
3509	0.000166
3510	0.000168
3511	0.000159
3512	0.000142
3513	0.000124
3514	0.000259
3515	0.000133
3516	0.000137
3517	0.000152
3518	0.000237
3519	0.000148
3520	0.000131
3521	0.000203
3522	0.000137
3523	0.000137
3524	0.000144
3525	0.000191
3526	0.000162
3527	0.000200
3528	0.000231
3529	0.000199
3530	0.000120
3531	0.000131
3532	0.000138
3533	0.000140
3534	0.000164
3535	0.000149
3536	0.000140
3537	0.000110
3538	0.000148
3539	0.000121
3540	0.000185
3541	0.000132
3542	0.000218
3543	0.000134
3544	0.000113
3545	0.000310
3546	0.000147
3547	0.000135
3548	0.000121
3549	0.000142
3550	0.000149
3551	0.000120
3552	0.000124
3553	0.000160
3554	0.000162
3555	0.000157
3556	0.000136
3557	0.000211
3558	0.000195
3559	0.000186
3560	0.000110
3561	0.000150
3562	0.000136
3563	0.000145
3564	0.000146
3565	0.000115
3566	0.000126
3567	0.000136
3568	0.000181
3569	0.000172
3570	0.000106
3571	0.000146
3572	0.000128
3573	0.000173
3574	0.000167
3575	0.000109
3576	0.000231
3577	0.000258
3578	0.000196
3579	0.000141
3580	0.000126
3581	0.000126
3582	0.000114
3583	0.000118
3584	0.000205
3585	0.000123
3586	0.000233
3587	0.000140
3588	0.000116
3589	0.000107
3590	0.000156
3591	0.000155
3592	0.000119
3593	0.000204
3594	0.000128
3595	0.000133
3596	0.000298
3597	0.000109
3598	0.000120
3599	0.000161
3600	0.000113
3601	0.000153
3602	0.000149
3603	0.000138
3604	0.000267
3605	0.000210
3606	0.000120
3607	0.000118
3608	0.000139
3609	0.000191
3610	0.000136
3611	0.000235
3612	0.000132
3613	0.000131
3614	0.000126
3615	0.000137
3616	0.000140
3617	0.000175
3618	0.000169
3619	0.000109
3620	0.000144
3621	0.000142
3622	0.000130
3623	0.000148
3624	0.000136
3625	0.000208
3626	0.000112
3627	0.000154
3628	0.000148
3629	0.000160
3630	0.000136
3631	0.000129
3632	0.000115
3633	0.000259
3634	0.000155
3635	0.000176
3636	0.000146
3637	0.000116
3638	0.000137
3639	0.000126
3640	0.000202
3641	0.000125
3642	0.000159
3643	0.000160
3644	0.000124
3645	0.000140
3646	0.000141
3647	0.000126
3648	0.000144
3649	0.000128
3650	0.000105
3651	0.000196
3652	0.000117
3653	0.000108
3654	0.000145
3655	0.000133
3656	0.000171
3657	0.000129
3658	0.000143
3659	0.000125
3660	0.000117
3661	0.000117
3662	0.000137
3663	0.000128
3664	0.000120
3665	0.000116
3666	0.000118
3667	0.000164
3668	0.000133
3669	0.000119
3670	0.000161
3671	0.000126
3672	0.000209
3673	0.000108
3674	0.000199
3675	0.000134
3676	0.000112
3677	0.000216
3678	0.000113
3679	0.000132
3680	0.000188
3681	0.000128
3682	0.000123
3683	0.000152
3684	0.000246
3685	0.000124
3686	0.000111
3687	0.000186
3688	0.000107
3689	0.000113
3690	0.000153
3691	0.000109
3692	0.000197
3693	0.000172
3694	0.000112
3695	0.000127
3696	0.000126
3697	0.000161
3698	0.000127
3699	0.000111
3700	0.000118
3701	0.000135
3702	0.000189
3703	0.000148
3704	0.000106
3705	0.000161
3706	0.000143
3707	0.000157
3708	0.000135
3709	0.000105
3710	0.000142
3711	0.000161
3712	0.000127
3713	0.000141
3714	0.000146
3715	0.000125
3716	0.000120
3717	0.000107
3718	0.000161
3719	0.000144
3720	0.000112
3721	0.000172
3722	0.000148
3723	0.000118
3724	0.000113
3725	0.000137
3726	0.000144
3727	0.000121
3728	0.000139
3729	0.000105
3730	0.000163
3731	0.000186
3732	0.000107
3733	0.000106
3734	0.000211
3735	0.000124
3736	0.000138
3737	0.000187
3738	0.000168
3739	0.000130
3740	0.000136
3741	0.000150
3742	0.000119
3743	0.000134
3744	0.000107
3745	0.000118
3746	0.000105
3747	0.000134
3748	0.000105
3749	0.000109
3750	0.000172
3751	0.000108
3752	0.000146
3753	0.000135
3754	0.000120
3755	0.000126
3756	0.000217
3757	0.000136
3758	0.000179
3759	0.000136
3760	0.000137
3761	0.000137
3762	0.000142
3763	0.000123
3764	0.000154
3765	0.000118
3766	0.000120
3767	0.000124
3768	0.000147
3769	0.000119
3770	0.000117
3771	0.000122
3772	0.000121
3773	0.000121
3774	0.000134
3775	0.000117
3776	0.000129
3777	0.000121
3778	0.000118
3779	0.000137
3780	0.000138
3781	0.000113
3782	0.000156
3783	0.000122
3784	0.000130
3785	0.000140
3786	0.000140
3787	0.000107
3788	0.000128
3789	0.000109
3790	0.000198
3791	0.000130
3792	0.000130
3793	0.000179
3794	0.000162
3795	0.000116
3796	0.000127
3797	0.000184
3798	0.000105
3799	0.000120
3800	0.000200
3801	0.000106
3802	0.000122
3803	0.000133
3804	0.000197
3805	0.000116
3806	0.000119
3807	0.000105
3808	0.000106
3809	0.000123
3810	0.000153
3811	0.000112
3812	0.000116
3813	0.000116
3814	0.000118
3815	0.000122
3816	0.000108
3817	0.000129
3818	0.000123
3819	0.000124
3820	0.000105
3821	0.000144
3822	0.000154
3823	0.000125
3824	0.000200
3825	0.000136
3826	0.000157
3827	0.000112
3828	0.000157
3829	0.000151
3830	0.000259
3831	0.000151
3832	0.000123
3833	0.000153
3834	0.000114
3835	0.000132
3836	0.000134
3837	0.000125
3838	0.000211
3839	0.000112
3840	0.000117
3841	0.000165
3842	0.000179
3843	0.000115
3844	0.000110
3845	0.000143
3846	0.000105
3847	0.000121
3848	0.000111
3849	0.000117
3850	0.000124
3851	0.000204
3852	0.000148
3853	0.000105
3854	0.000105
3855	0.000123
3856	0.000105
3857	0.000119
3858	0.000161
3859	0.000118
3860	0.000168
3861	0.000128
3862	0.000123
3863	0.000122
3864	0.000114
3865	0.000109
3866	0.000129
3867	0.000128
3868	0.000128
3869	0.000148
3870	0.000141
3871	0.000115
3872	0.000127
3873	0.000174
3874	0.000123
3875	0.000105
3876	0.000113
3877	0.000196
3878	0.000117
3879	0.000105
3880	0.000120
3881	0.000124
3882	0.000110
3883	0.000122
3884	0.000165
3885	0.000105
3886	0.000151
3887	0.000106
3888	0.000117
3889	0.000135
3890	0.000111
3891	0.000144
3892	0.000120
3893	0.000112
3894	0.000119
3895	0.000119
3896	0.000133
3897	0.000110
3898	0.000121
3899	0.000113
3900	0.000149
3901	0.000114
3902	0.000171
3903	0.000128
3904	0.000114
3905	0.000116
3906	0.000156
3907	0.000128
3908	0.000112
3909	0.000133
3910	0.000109
3911	0.000112
3912	0.000121
3913	0.000131
3914	0.000117
3915	0.000132
3916	0.000113
3917	0.000119
3918	0.000132
3919	0.000117
3920	0.000122
3921	0.000129
3922	0.000109
3923	0.000110
3924	0.000150
3925	0.000112
3926	0.000175
3927	0.000129
3928	0.000110
3929	0.000126
3930	0.000171
3931	0.000128
3932	0.000111
3933	0.000125
3934	0.000118
3935	0.000104
3936	0.000112
3937	0.000121
3938	0.000223
3939	0.000113
3940	0.000121
3941	0.000113
3942	0.000109
3943	0.000147
3944	0.000126
3945	0.000140
3946	0.000110
3947	0.000140
3948	0.000183
3949	0.000120
3950	0.000122
3951	0.000142
3952	0.000108
3953	0.000109
3954	0.000110
3955	0.000109
3956	0.000131
3957	0.000121
3958	0.000114
3959	0.000107
3960	0.000119
3961	0.000113
3962	0.000159
3963	0.000113
3964	0.000119
3965	0.000110
3966	0.000168
3967	0.000118
3968	0.000162
3969	0.000130
3970	0.000112
3971	0.000163
3972	0.000123
3973	0.000113
3974	0.000104
3975	0.000117
3976	0.000119
3977	0.000110
3978	0.000110
3979	0.000116
3980	0.000155
3981	0.000112
3982	0.000118
3983	0.000105
3984	0.000104
3985	0.000110
3986	0.000112
3987	0.000105
3988	0.000109
3989	0.000109
3990	0.000107
3991	0.000106
3992	0.000106
3993	0.000108
3994	0.000114
3995	0.000111
3996	0.000107
3997	0.000113
3998	0.000115
3999	0.000107
4000	0.000111
4001	0.000105
4002	0.000109
4003	0.000108
4004	0.000112
4005	0.000105
4006	0.000105
4007	0.000107
4008	0.000104
4009	0.000110
4010	0.000104
4011	0.000106
4012	0.000105
4013	0.000108
4014	0.000112
4015	0.000104
4016	0.000106
4017	0.000109
4018	0.000108
4019	0.000108
4020	0.000110
4021	0.000109
4022	0.000104
4023	0.000113
4024	0.000104
4025	0.000105
4026	0.000108
4027	0.000108
4028	0.000105
4029	0.000105
4030	0.000111
4031	0.000109
4032	0.000105
4033	0.000105
4034	0.000105
4035	0.000104
4036	0.000105
4037	0.000105
4038	0.000107
