d=0.85, epsilon=1e-7, iter 70
nodeid	pagerank
0	0.002552
1	0.004384
2	0.001021
3	0.004910
4	0.006253
5	0.002717
6	0.000531
7	0.002234
8	0.000819
9	0.004430
10	0.002410
11	0.000299
12	0.000283
13	0.003764
14	0.000638
15	0.000247
16	0.001450
17	0.000545
18	0.000223
19	0.000483
20	0.000611
21	0.003687
22	0.001552
23	0.000499
24	0.001621
25	0.003657
26	0.003994
27	0.000557
28	0.000542
29	0.001989
30	0.003599
31	0.002200
32	0.000238
33	0.000178
34	0.000214
35	0.000173
36	0.000480
37	0.000161
38	0.001660
39	0.001921
40	0.003216
41	0.000614
42	0.000170
43	0.000153
44	0.000358
45	0.001087
46	0.000178
47	0.000156
48	0.003300
49	0.000167
50	0.000727
51	0.000747
52	0.000153
53	0.002691
54	0.001583
55	0.002964
56	0.003671
57	0.002071
58	0.000213
59	0.002419
60	0.001123
61	0.000248
62	0.002810
63	0.000758
64	0.000255
65	0.001414
66	0.001969
67	0.003458
68	0.000172
69	0.001152
70	0.000142
71	0.000150
72	0.002387
73	0.001861
74	0.000131
75	0.001526
76	0.000320
77	0.000631
78	0.005519
79	0.001562
80	0.002277
81	0.000138
82	0.002192
83	0.000700
84	0.001322
85	0.001304
86	0.000148
87	0.001970
88	0.002591
89	0.000308
90	0.000129
91	0.000749
92	0.002091
93	0.000348
94	0.001888
95	0.000271
96	0.000966
97	0.000134
98	0.002902
99	0.000185
100	0.000287
101	0.001673
102	0.000155
103	0.001443
104	0.002379
105	0.001390
106	0.001261
107	0.000511
108	0.001101
109	0.002210
110	0.000571
111	0.000414
112	0.000246
113	0.002514
114	0.000121
115	0.000563
116	0.000513
117	0.000671
118	0.002149
119	0.002267
120	0.000169
121	0.000825
122	0.002676
123	0.001453
124	0.000358
125	0.000353
126	0.001103
127	0.001055
128	0.001957
129	0.000503
130	0.001769
131	0.000157
132	0.000834
133	0.001945
134	0.001410
135	0.000610
136	0.000696
137	0.000380
138	0.000214
139	0.000662
140	0.000367
141	0.002477
142	0.002287
143	0.000169
144	0.000417
145	0.000119
146	0.000486
147	0.000256
148	0.001070
149	0.000401
150	0.000349
151	0.000264
152	0.003152
153	0.000137
154	0.000118
155	0.000197
156	0.000753
157	0.000185
158	0.001198
159	0.001155
160	0.000125
161	0.001494
162	0.000284
163	0.000285
164	0.000499
165	0.000936
166	0.000121
167	0.000240
168	0.000511
169	0.001954
170	0.002095
171	0.000284
172	0.002941
173	0.000143
174	0.000246
175	0.000230
176	0.000928
177	0.000158
178	0.001511
179	0.000118
180	0.001817
181	0.004805
182	0.000130
183	0.000244
184	0.000936
185	0.001340
186	0.003534
187	0.001440
188	0.003210
189	0.000228
190	0.000265
191	0.000433
192	0.000222
193	0.000511
194	0.001618
195	0.004164
196	0.001208
197	0.000782
198	0.000132
199	0.003224
200	0.003731
201	0.000464
202	0.000125
203	0.003030
204	0.001650
205	0.000186
206	0.000358
207	0.000272
208	0.000813
209	0.000113
210	0.000112
211	0.002133
212	0.001735
213	0.002492
214	0.000410
215	0.000112
216	0.000113
217	0.000249
218	0.003760
219	0.000125
220	0.000214
221	0.000836
222	0.000985
223	0.002259
224	0.002339
225	0.000153
226	0.000379
227	0.000169
228	0.000621
229	0.000420
230	0.000272
231	0.001815
232	0.002153
233	0.000113
234	0.000142
235	0.000341
236	0.002454
237	0.000534
238	0.001778
239	0.003120
240	0.000225
241	0.000147
242	0.001399
243	0.000121
244	0.000112
245	0.000468
246	0.000962
247	0.000135
248	0.001562
249	0.001319
250	0.000351
251	0.000676
252	0.001988
253	0.000192
254	0.000947
255	0.000147
256	0.000112
257	0.001282
258	0.001020
259	0.000512
260	0.000635
261	0.001237
262	0.000204
263	0.000144
264	0.000397
265	0.000994
266	0.000953
267	0.000169
268	0.000502
269	0.000199
270	0.000356
271	0.002035
272	0.001333
273	0.003395
274	0.000964
275	0.003241
276	0.000796
277	0.001733
278	0.000147
279	0.000212
280	0.001387
281	0.000354
282	0.000111
283	0.000840
284	0.000348
285	0.001359
286	0.000130
287	0.000110
288	0.000401
289	0.000218
290	0.000552
291	0.001059
292	0.000110
293	0.000223
294	0.000163
295	0.000707
296	0.000141
297	0.000911
298	0.000448
299	0.001091
300	0.000435
301	0.000179
302	0.001001
303	0.000741
304	0.001528
305	0.000110
306	0.002752
307	0.000284
308	0.000736
309	0.000213
310	0.000130
311	0.000238
312	0.000140
313	0.001064
314	0.000392
315	0.001426
316	0.000366
317	0.000309
318	0.000361
319	0.000128
320	0.000425
321	0.000133
322	0.001728
323	0.001105
324	0.000621
325	0.001186
326	0.000135
327	0.000120
328	0.002485
329	0.000634
330	0.000768
331	0.000628
332	0.001142
333	0.000280
334	0.000770
335	0.000109
336	0.000401
337	0.000122
338	0.000282
339	0.000494
340	0.000203
341	0.000450
342	0.000971
343	0.000373
344	0.000318
345	0.000461
346	0.001076
347	0.000202
348	0.000290
349	0.000110
350	0.000138
351	0.000109
352	0.000146
353	0.000242
354	0.000145
355	0.000164
356	0.000106
357	0.000130
358	0.000104
359	0.000143
360	0.000174
361	0.000136
362	0.000133
363	0.000235
364	0.000113
365	0.000112
366	0.000235
367	0.000156
368	0.000161
369	0.000140
370	0.000209
371	0.000109
372	0.000127
373	0.000228
374	0.000204
375	0.000134
376	0.000251
377	0.000105
378	0.000197
379	0.000105
380	0.000117
381	0.000119
382	0.000120
383	0.000106
384	0.000107
385	0.000118
386	0.000106
387	0.000158
388	0.000164
389	0.000166
390	0.000111
391	0.000195
392	0.000168
393	0.000110
394	0.000157
395	0.000201
396	0.000137
397	0.000165
398	0.000151
399	0.000111
400	0.000199
401	0.000104
402	0.000184
403	0.000128
404	0.000171
405	0.000118
406	0.000107
407	0.000124
408	0.000175
409	0.000149
410	0.000122
411	0.000105
412	0.000210
413	0.000125
414	0.000233
415	0.000137
416	0.000133
417	0.000180
418	0.000133
419	0.000170
420	0.000151
421	0.000131
422	0.000167
423	0.000174
424	0.000118
425	0.000127
426	0.000129
427	0.000113
428	0.000221
429	0.000115
430	0.000150
431	0.000183
432	0.000166
433	0.000115
434	0.000143
435	0.000113
436	0.000172
437	0.000114
438	0.000181
439	0.000155
440	0.000120
441	0.000110
442	0.000117
443	0.000104
444	0.000153
445	0.000130
446	0.000126
447	0.000103
448	0.000106
449	0.000113
450	0.000131
451	0.000132
452	0.000153
453	0.000106
454	0.000106
455	0.000144
456	0.000165
457	0.000121
458	0.000130
459	0.000112
460	0.000167
461	0.000161
462	0.000122
463	0.000144
464	0.000106
465	0.000178
466	0.000113
467	0.000106
468	0.000103
469	0.000122
470	0.000115
471	0.000135
472	0.000107
473	0.000133
474	0.000124
475	0.000224
476	0.000107
477	0.000113
478	0.000109
479	0.000142
480	0.000110
481	0.000127
482	0.000143
483	0.000291
484	0.000230
485	0.000107
486	0.000114
487	0.000137
488	0.000134
489	0.000123
490	0.000114
491	0.000112
492	0.000174
493	0.000160
494	0.000129
495	0.000124
496	0.000148
497	0.000181
498	0.000106
499	0.000105
500	0.000183
501	0.000108
502	0.000112
503	0.000160
504	0.000146
505	0.000112
506	0.000174
507	0.000166
508	0.000118
509	0.000112
510	0.000125
511	0.000133
512	0.000133
513	0.000184
514	0.000161
515	0.000160
516	0.000115
517	0.000198
518	0.000114
519	0.000122
520	0.000146
521	0.000114
522	0.000112
523	0.000138
524	0.000160
525	0.000160
526	0.000250
527	0.000140
528	0.000114
529	0.000109
530	0.000105
531	0.000132
532	0.000108
533	0.000106
534	0.000108
535	0.000111
536	0.000119
537	0.000136
538	0.000181
539	0.000117
540	0.000109
541	0.000110
542	0.000149
543	0.000119
544	0.000156
545	0.000137
546	0.000124
547	0.000123
548	0.000125
549	0.000107
550	0.000103
551	0.000111
552	0.000105
553	0.000166
554	0.000112
555	0.000125
556	0.000136
557	0.000125
558	0.000116
559	0.000165
560	0.000123
561	0.000160
562	0.000105
563	0.000169
564	0.000108
565	0.000116
566	0.000175
567	0.000153
568	0.000109
569	0.000111
570	0.000123
571	0.000104
572	0.000105
573	0.000134
574	0.000114
575	0.000115
576	0.000117
577	0.000125
578	0.000125
579	0.000138
580	0.000180
581	0.000104
582	0.000122
583	0.000125
584	0.000118
585	0.000103
586	0.000109
587	0.000112
588	0.000116
589	0.000122
590	0.000115
591	0.000138
592	0.000138
593	0.000105
594	0.000110
595	0.000119
596	0.000155
597	0.000122
598	0.000117
599	0.000123
600	0.000122
601	0.000127
602	0.000103
603	0.000118
604	0.000129
605	0.000117
606	0.000192
607	0.000103
608	0.000103
609	0.000124
610	0.000106
611	0.000115
612	0.000114
613	0.000103
614	0.000126
615	0.000121
616	0.000118
617	0.000121
618	0.000120
619	0.000121
620	0.000117
621	0.000107
622	0.000111
623	0.000113
624	0.000103
625	0.000115
626	0.000113
627	0.000121
628	0.000112
629	0.000116
630	0.000129
631	0.000110
632	0.000118
633	0.000112
634	0.000114
635	0.000117
636	0.000117
637	0.000211
638	0.000103
639	0.000109
640	0.000118
641	0.000172
642	0.000103
643	0.000117
644	0.000115
645	0.000122
646	0.000111
647	0.000115
648	0.000103
649	0.000106
650	0.000115
651	0.000166
652	0.000105
653	0.000119
654	0.000121
655	0.000106
656	0.000104
657	0.000106
658	0.000116
659	0.000115
660	0.000104
661	0.000115
662	0.000114
663	0.000107
664	0.000110
665	0.000111
666	0.000111
667	0.000104
668	0.000103
669	0.000124
670	0.000112
671	0.000105
672	0.000106
673	0.000105
674	0.000103
675	0.000112
676	0.000114
677	0.000113
678	0.000115
679	0.000106
680	0.000114
681	0.000111
682	0.000108
683	0.000121
684	0.000110
685	0.000109
686	0.001395
687	0.001775
688	0.002014
689	0.000766
690	0.001652
691	0.000508
692	0.000300
693	0.001635
694	0.001950
695	0.001949
696	0.001859
697	0.001766
698	0.000870
699	0.000233
700	0.000859
701	0.001394
702	0.000647
703	0.001320
704	0.000326
705	0.001455
706	0.001410
707	0.000344
708	0.001238
709	0.001006
710	0.000810
711	0.001282
712	0.000360
713	0.001488
714	0.000351
715	0.000839
716	0.000475
717	0.000169
718	0.000868
719	0.001228
720	0.000528
721	0.000441
722	0.000568
723	0.001121
724	0.001078
725	0.000269
726	0.001013
727	0.001322
728	0.000794
729	0.000373
730	0.000435
731	0.000877
732	0.000310
733	0.000247
734	0.000640
735	0.000214
736	0.000288
737	0.000563
738	0.000714
739	0.000717
740	0.000270
741	0.000502
742	0.000288
743	0.000143
744	0.000136
745	0.001037
746	0.000227
747	0.000913
748	0.000472
749	0.000126
750	0.000139
751	0.000435
752	0.000909
753	0.000327
754	0.000721
755	0.000427
756	0.000398
757	0.000136
758	0.000424
759	0.000352
760	0.000764
761	0.000363
762	0.000402
763	0.000318
764	0.000602
765	0.000370
766	0.000792
767	0.000242
768	0.000319
769	0.000356
770	0.000518
771	0.000255
772	0.000505
773	0.000791
774	0.000758
775	0.000122
776	0.000281
777	0.000482
778	0.000515
779	0.000412
780	0.000708
781	0.000868
782	0.000260
783	0.000365
784	0.000740
785	0.000148
786	0.000220
787	0.000472
788	0.000151
789	0.000215
790	0.000154
791	0.000167
792	0.000481
793	0.000320
794	0.000351
795	0.000383
796	0.000178
797	0.000432
798	0.000195
799	0.000256
800	0.000667
801	0.000112
802	0.000152
803	0.000324
804	0.000249
805	0.000918
806	0.000197
807	0.000392
808	0.000198
809	0.000313
810	0.000615
811	0.000202
812	0.000323
813	0.000210
814	0.000465
815	0.000807
816	0.000253
817	0.000430
818	0.000240
819	0.000622
820	0.000651
821	0.000269
822	0.000210
823	0.000829
824	0.000825
825	0.000208
826	0.000283
827	0.000653
828	0.000904
829	0.000521
830	0.000758
831	0.000326
832	0.000138
833	0.000275
834	0.000677
835	0.000315
836	0.000236
837	0.000236
838	0.000333
839	0.000192
840	0.000427
841	0.000132
842	0.000561
843	0.000238
844	0.000308
845	0.000407
846	0.000166
847	0.000471
848	0.000339
849	0.000396
850	0.000180
851	0.000152
852	0.000138
853	0.000625
854	0.000147
855	0.000134
856	0.000376
857	0.000234
858	0.000154
859	0.000132
860	0.000140
861	0.000148
862	0.000298
863	0.000149
864	0.000126
865	0.000141
866	0.000144
867	0.000228
868	0.000136
869	0.000150
870	0.000161
871	0.000154
872	0.000208
873	0.000188
874	0.000188
875	0.000116
876	0.000146
877	0.000162
878	0.000140
879	0.000144
880	0.000174
881	0.000143
882	0.000134
883	0.000114
884	0.000120
885	0.000184
886	0.000129
887	0.000162
888	0.000133
889	0.000139
890	0.000158
891	0.000113
892	0.000113
893	0.000119
894	0.000129
895	0.000135
896	0.000229
897	0.000373
898	0.000219
899	0.000113
900	0.000152
901	0.000209
902	0.000166
903	0.000208
904	0.000122
905	0.000122
906	0.000279
907	0.000168
908	0.000194
909	0.000134
910	0.000117
911	0.000106
912	0.000127
913	0.000169
914	0.000123
915	0.000143
916	0.000527
917	0.000316
918	0.000106
919	0.000190
920	0.000163
921	0.000458
922	0.000243
923	0.000125
924	0.000198
925	0.000515
926	0.000209
927	0.000381
928	0.000128
929	0.000115
930	0.000157
931	0.000119
932	0.000330
933	0.000180
934	0.000422
935	0.000121
936	0.000140
937	0.000118
938	0.000190
939	0.000121
940	0.000144
941	0.000236
942	0.000249
943	0.000130
944	0.000196
945	0.000114
946	0.000525
947	0.000467
948	0.000145
949	0.000136
950	0.000136
951	0.000148
952	0.000428
953	0.000433
954	0.000236
955	0.000128
956	0.000122
957	0.000254
958	0.000181
959	0.000268
960	0.000394
961	0.000136
962	0.000132
963	0.000200
964	0.000169
965	0.000149
966	0.000421
967	0.000426
968	0.000204
969	0.000188
970	0.000130
971	0.000193
972	0.000182
973	0.000144
974	0.000129
975	0.000237
976	0.000128
977	0.000167
978	0.000393
979	0.000120
980	0.000418
981	0.000224
982	0.000322
983	0.000299
984	0.000211
985	0.000114
986	0.000132
987	0.000113
988	0.000214
989	0.000148
990	0.000153
991	0.000155
992	0.000191
993	0.000455
994	0.000139
995	0.000284
996	0.000109
997	0.000365
998	0.000128
999	0.000392
1000	0.000125
1001	0.000151
1002	0.000108
1003	0.000394
1004	0.000452
1005	0.000140
1006	0.000480
1007	0.000144
1008	0.000115
1009	0.000170
1010	0.000155
1011	0.000179
1012	0.000142
1013	0.000117
1014	0.000201
1015	0.000148
1016	0.000117
1017	0.000488
1018	0.000160
1019	0.000170
1020	0.000167
1021	0.000173
1022	0.000109
1023	0.000111
1024	0.000384
1025	0.000138
1026	0.000329
1027	0.000106
1028	0.000313
1029	0.000304
1030	0.000129
1031	0.000109
1032	0.000184
1033	0.000132
1034	0.000110
1035	0.000133
1036	0.000169
1037	0.000145
1038	0.000116
1039	0.000219
1040	0.000331
1041	0.000200
1042	0.000136
1043	0.000129
1044	0.000136
1045	0.000130
1046	0.000106
1047	0.000297
1048	0.000370
1049	0.000326
1050	0.000116
1051	0.000188
1052	0.000203
1053	0.000112
1054	0.000257
1055	0.000121
1056	0.000282
1057	0.000115
1058	0.000127
1059	0.000452
1060	0.000163
1061	0.000132
1062	0.000129
1063	0.000193
1064	0.000147
1065	0.000105
1066	0.000172
1067	0.000182
1068	0.000284
1069	0.000180
1070	0.000216
1071	0.000106
1072	0.000157
1073	0.000112
1074	0.000281
1075	0.000306
1076	0.000429
1077	0.000149
1078	0.000477
1079	0.000400
1080	0.000160
1081	0.000135
1082	0.000167
1083	0.000369
1084	0.000142
1085	0.000361
1086	0.000456
1087	0.000112
1088	0.000188
1089	0.000137
1090	0.000123
1091	0.000162
1092	0.000247
1093	0.000114
1094	0.000124
1095	0.000127
1096	0.000104
1097	0.000199
1098	0.000223
1099	0.000160
1100	0.000169
1101	0.000393
1102	0.000155
1103	0.000123
1104	0.000201
1105	0.000107
1106	0.000129
1107	0.000416
1108	0.000147
1109	0.000162
1110	0.000268
1111	0.000119
1112	0.000247
1113	0.000144
1114	0.000143
1115	0.000145
1116	0.000192
1117	0.000394
1118	0.000196
1119	0.000104
1120	0.000159
1121	0.000125
1122	0.000145
1123	0.000279
1124	0.000377
1125	0.000382
1126	0.000464
1127	0.000131
1128	0.000340
1129	0.000164
1130	0.000281
1131	0.000133
1132	0.000412
1133	0.000120
1134	0.000116
1135	0.000289
1136	0.000247
1137	0.000182
1138	0.000128
1139	0.000147
1140	0.000170
1141	0.000129
1142	0.000132
1143	0.000128
1144	0.000209
1145	0.000103
1146	0.000408
1147	0.000108
1148	0.000169
1149	0.000342
1150	0.000130
1151	0.000122
1152	0.000140
1153	0.000401
1154	0.000118
1155	0.000146
1156	0.000338
1157	0.000107
1158	0.000169
1159	0.000201
1160	0.000309
1161	0.000147
1162	0.000109
1163	0.000341
1164	0.000182
1165	0.000143
1166	0.000158
1167	0.000154
1168	0.000108
1169	0.000119
1170	0.000162
1171	0.000158
1172	0.000366
1173	0.000339
1174	0.000190
1175	0.000372
1176	0.000104
1177	0.000129
1178	0.000120
1179	0.000141
1180	0.000229
1181	0.000326
1182	0.000334
1183	0.000161
1184	0.000407
1185	0.000414
1186	0.000150
1187	0.000204
1188	0.000155
1189	0.000136
1190	0.000148
1191	0.000418
1192	0.000190
1193	0.000152
1194	0.000106
1195	0.000271
1196	0.000164
1197	0.000120
1198	0.000312
1199	0.000460
1200	0.000105
1201	0.000248
1202	0.000107
1203	0.000127
1204	0.000198
1205	0.000321
1206	0.000103
1207	0.000272
1208	0.000105
1209	0.000278
1210	0.000138
1211	0.000420
1212	0.000125
1213	0.000135
1214	0.000328
1215	0.000144
1216	0.000192
1217	0.000184
1218	0.000121
1219	0.000237
1220	0.000129
1221	0.000169
1222	0.000369
1223	0.000139
1224	0.000114
1225	0.000150
1226	0.000132
1227	0.000178
1228	0.000134
1229	0.000147
1230	0.000361
1231	0.000169
1232	0.000175
1233	0.000104
1234	0.000116
1235	0.000191
1236	0.000164
1237	0.000180
1238	0.000376
1239	0.000128
1240	0.000119
1241	0.000138
1242	0.000310
1243	0.000330
1244	0.000114
1245	0.000156
1246	0.000135
1247	0.000145
1248	0.000110
1249	0.000115
1250	0.000368
1251	0.000168
1252	0.000110
1253	0.000104
1254	0.000113
1255	0.000361
1256	0.000363
1257	0.000152
1258	0.000142
1259	0.000139
1260	0.000134
1261	0.000182
1262	0.000105
1263	0.000111
1264	0.000112
1265	0.000173
1266	0.000133
1267	0.000354
1268	0.000112
1269	0.000354
1270	0.000104
1271	0.000310
1272	0.000286
1273	0.000173
1274	0.000214
1275	0.000147
1276	0.000104
1277	0.000228
1278	0.000179
1279	0.000145
1280	0.000263
1281	0.000156
1282	0.000180
1283	0.000154
1284	0.000177
1285	0.000227
1286	0.000132
1287	0.000266
1288	0.000298
1289	0.000294
1290	0.000286
1291	0.000341
1292	0.000153
1293	0.000228
1294	0.000120
1295	0.000110
1296	0.000123
1297	0.000115
1298	0.000164
1299	0.000128
1300	0.000129
1301	0.000111
1302	0.000333
1303	0.000158
1304	0.000129
1305	0.000309
1306	0.000123
1307	0.000219
1308	0.000117
1309	0.000155
1310	0.000124
1311	0.000123
1312	0.000274
1313	0.000130
1314	0.000166
1315	0.000141
1316	0.000142
1317	0.000129
1318	0.000151
1319	0.000170
1320	0.000169
1321	0.000143
1322	0.000196
1323	0.000267
1324	0.000149
1325	0.000175
1326	0.000103
1327	0.000191
1328	0.000190
1329	0.000346
1330	0.000341
1331	0.000370
1332	0.000149
1333	0.000177
1334	0.000290
1335	0.000355
1336	0.000227
1337	0.000152
1338	0.000151
1339	0.000306
1340	0.000240
1341	0.000341
1342	0.000112
1343	0.000146
1344	0.000282
1345	0.000203
1346	0.000110
1347	0.000185
1348	0.000130
1349	0.000147
1350	0.000141
1351	0.000254
1352	0.000435
1353	0.000111
1354	0.000115
1355	0.000129
1356	0.000118
1357	0.000164
1358	0.000178
1359	0.000264
1360	0.000145
1361	0.000344
1362	0.000105
1363	0.000153
1364	0.000119
1365	0.000201
1366	0.000150
1367	0.000376
1368	0.000116
1369	0.000191
1370	0.000313
1371	0.000184
1372	0.000108
1373	0.000160
1374	0.000144
1375	0.000245
1376	0.000390
1377	0.000392
1378	0.000171
1379	0.000163
1380	0.000276
1381	0.000135
1382	0.000135
1383	0.000105
1384	0.000115
1385	0.000116
1386	0.000103
1387	0.000119
1388	0.000263
1389	0.000204
1390	0.000398
1391	0.000379
1392	0.000147
1393	0.000197
1394	0.000107
1395	0.000103
1396	0.000144
1397	0.000123
1398	0.000191
1399	0.000387
1400	0.000125
1401	0.000131
1402	0.000249
1403	0.000115
1404	0.000159
1405	0.000177
1406	0.000137
1407	0.000167
1408	0.000137
1409	0.000296
1410	0.000128
1411	0.000127
1412	0.000125
1413	0.000167
1414	0.000113
1415	0.000126
1416	0.000305
1417	0.000111
1418	0.000120
1419	0.000138
1420	0.000358
1421	0.000130
1422	0.000120
1423	0.000169
1424	0.000126
1425	0.000135
1426	0.000170
1427	0.000152
1428	0.000122
1429	0.000133
1430	0.000103
1431	0.000423
1432	0.000159
1433	0.000128
1434	0.000124
1435	0.000164
1436	0.000136
1437	0.000209
1438	0.000138
1439	0.000157
1440	0.000146
1441	0.000120
1442	0.000115
1443	0.000109
1444	0.000139
1445	0.000143
1446	0.000128
1447	0.000334
1448	0.000156
1449	0.000268
1450	0.000135
1451	0.000129
1452	0.000174
1453	0.000124
1454	0.000142
1455	0.000107
1456	0.000327
1457	0.000229
1458	0.000157
1459	0.000196
1460	0.000186
1461	0.000111
1462	0.000180
1463	0.000126
1464	0.000120
1465	0.000244
1466	0.000103
1467	0.000317
1468	0.000166
1469	0.000142
1470	0.000229
1471	0.000367
1472	0.000159
1473	0.000138
1474	0.000107
1475	0.000170
1476	0.000111
1477	0.000115
1478	0.000114
1479	0.000180
1480	0.000253
1481	0.000117
1482	0.000135
1483	0.000268
1484	0.000139
1485	0.000190
1486	0.000110
1487	0.000146
1488	0.000319
1489	0.000130
1490	0.000113
1491	0.000321
1492	0.000110
1493	0.000155
1494	0.000130
1495	0.000164
1496	0.000134
1497	0.000129
1498	0.000113
1499	0.000120
1500	0.000121
1501	0.000128
1502	0.000166
1503	0.000128
1504	0.000139
1505	0.000163
1506	0.000109
1507	0.000126
1508	0.000136
1509	0.000320
1510	0.000104
1511	0.000135
1512	0.000125
1513	0.000185
1514	0.000127
1515	0.000165
1516	0.000363
1517	0.000171
1518	0.000122
1519	0.000156
1520	0.000301
1521	0.000111
1522	0.000347
1523	0.000215
1524	0.000185
1525	0.000140
1526	0.000119
1527	0.000117
1528	0.000222
1529	0.000132
1530	0.000291
1531	0.000119
1532	0.000176
1533	0.000168
1534	0.000145
1535	0.000214
1536	0.000151
1537	0.000123
1538	0.000231
1539	0.000246
1540	0.000202
1541	0.000121
1542	0.000203
1543	0.000124
1544	0.000119
1545	0.000128
1546	0.000109
1547	0.000303
1548	0.000168
1549	0.000131
1550	0.000140
1551	0.000351
1552	0.000111
1553	0.000149
1554	0.000342
1555	0.000135
1556	0.000145
1557	0.000325
1558	0.000103
1559	0.000364
1560	0.000103
1561	0.000127
1562	0.000123
1563	0.000281
1564	0.000120
1565	0.000132
1566	0.000115
1567	0.000131
1568	0.000155
1569	0.000144
1570	0.000285
1571	0.000209
1572	0.000175
1573	0.000179
1574	0.000140
1575	0.000117
1576	0.000162
1577	0.000291
1578	0.000135
1579	0.000107
1580	0.000246
1581	0.000103
1582	0.000141
1583	0.000183
1584	0.000374
1585	0.000122
1586	0.000105
1587	0.000151
1588	0.000124
1589	0.000375
1590	0.000231
1591	0.000180
1592	0.000123
1593	0.000130
1594	0.000120
1595	0.000139
1596	0.000164
1597	0.000275
1598	0.000294
1599	0.000110
1600	0.000273
1601	0.000157
1602	0.000110
1603	0.000314
1604	0.000300
1605	0.000236
1606	0.000123
1607	0.000112
1608	0.000275
1609	0.000232
1610	0.000334
1611	0.000160
1612	0.000344
1613	0.000338
1614	0.000206
1615	0.000120
1616	0.000133
1617	0.000268
1618	0.000140
1619	0.000258
1620	0.000263
1621	0.000341
1622	0.000323
1623	0.000243
1624	0.000122
1625	0.000118
1626	0.000146
1627	0.000106
1628	0.000164
1629	0.000140
1630	0.000149
1631	0.000108
1632	0.000217
1633	0.000115
1634	0.000123
1635	0.000130
1636	0.000161
1637	0.000229
1638	0.000133
1639	0.000208
1640	0.000111
1641	0.000116
1642	0.000134
1643	0.000241
1644	0.000193
1645	0.000136
1646	0.000121
1647	0.000142
1648	0.000145
1649	0.000133
1650	0.000119
1651	0.000113
1652	0.000212
1653	0.000206
1654	0.000107
1655	0.000145
1656	0.000134
1657	0.000113
1658	0.000123
1659	0.000213
1660	0.000116
1661	0.000164
1662	0.000289
1663	0.000366
1664	0.000113
1665	0.000265
1666	0.000135
1667	0.000117
1668	0.000262
1669	0.000274
1670	0.000116
1671	0.000120
1672	0.000117
1673	0.000124
1674	0.000130
1675	0.000243
1676	0.000115
1677	0.000123
1678	0.000124
1679	0.000117
1680	0.000150
1681	0.000116
1682	0.000133
1683	0.000255
1684	0.000334
1685	0.000223
1686	0.000122
1687	0.000133
1688	0.000211
1689	0.000257
1690	0.000104
1691	0.000146
1692	0.000129
1693	0.000110
1694	0.000120
1695	0.000120
1696	0.000110
1697	0.000112
1698	0.000117
1699	0.000125
1700	0.000123
1701	0.000108
1702	0.000143
1703	0.000136
1704	0.000120
1705	0.000122
1706	0.000129
1707	0.000318
1708	0.000109
1709	0.000134
1710	0.000122
1711	0.000107
1712	0.000234
1713	0.000105
1714	0.000318
1715	0.000151
1716	0.000144
1717	0.000266
1718	0.000254
1719	0.000117
1720	0.000138
1721	0.000247
1722	0.000163
1723	0.000173
1724	0.000167
1725	0.000129
1726	0.000121
1727	0.000121
1728	0.000125
1729	0.000149
1730	0.000337
1731	0.000107
1732	0.000132
1733	0.000162
1734	0.000169
1735	0.000236
1736	0.000281
1737	0.000201
1738	0.000117
1739	0.000112
1740	0.000122
1741	0.000223
1742	0.000147
1743	0.000115
1744	0.000122
1745	0.000114
1746	0.000317
1747	0.000139
1748	0.000109
1749	0.000108
1750	0.000248
1751	0.000133
1752	0.000232
1753	0.000201
1754	0.000163
1755	0.000105
1756	0.000110
1757	0.000252
1758	0.000127
1759	0.000106
1760	0.000109
1761	0.000233
1762	0.000105
1763	0.000120
1764	0.000119
1765	0.000172
1766	0.000123
1767	0.000120
1768	0.000311
1769	0.000127
1770	0.000128
1771	0.000125
1772	0.000172
1773	0.000114
1774	0.000142
1775	0.000111
1776	0.000112
1777	0.000107
1778	0.000123
1779	0.000117
1780	0.000119
1781	0.000119
1782	0.000178
1783	0.000175
1784	0.000131
1785	0.000118
1786	0.000164
1787	0.000158
1788	0.000109
1789	0.000215
1790	0.000122
1791	0.000245
1792	0.000107
1793	0.000261
1794	0.000138
1795	0.000198
1796	0.000184
1797	0.000107
1798	0.000150
1799	0.000263
1800	0.000334
1801	0.000113
1802	0.000122
1803	0.000119
1804	0.000297
1805	0.000122
1806	0.000121
1807	0.000132
1808	0.000122
1809	0.000219
1810	0.000211
1811	0.000169
1812	0.000132
1813	0.000253
1814	0.000107
1815	0.000114
1816	0.000237
1817	0.000114
1818	0.000123
1819	0.000189
1820	0.000145
1821	0.000134
1822	0.000108
1823	0.000250
1824	0.000139
1825	0.000118
1826	0.000215
1827	0.000309
1828	0.000137
1829	0.000111
1830	0.000113
1831	0.000121
1832	0.000151
1833	0.000305
1834	0.000103
1835	0.000289
1836	0.000123
1837	0.000151
1838	0.000107
1839	0.000276
1840	0.000107
1841	0.000128
1842	0.000232
1843	0.000144
1844	0.000135
1845	0.000199
1846	0.000133
1847	0.000118
1848	0.000125
1849	0.000233
1850	0.000120
1851	0.000135
1852	0.000115
1853	0.000108
1854	0.000104
1855	0.000106
1856	0.000107
1857	0.000147
1858	0.000121
1859	0.000130
1860	0.000116
1861	0.000198
1862	0.000134
1863	0.000145
1864	0.000212
1865	0.000107
1866	0.000121
1867	0.000224
1868	0.000224
1869	0.000110
1870	0.000114
1871	0.000150
1872	0.000131
1873	0.000128
1874	0.000117
1875	0.000116
1876	0.000163
1877	0.000165
1878	0.000118
1879	0.000259
1880	0.000144
1881	0.000135
1882	0.000128
1883	0.000113
1884	0.000122
1885	0.000121
1886	0.000209
1887	0.000110
1888	0.000340
1889	0.000117
1890	0.000106
1891	0.000171
1892	0.000119
1893	0.000148
1894	0.000138
1895	0.000146
1896	0.000113
1897	0.000123
1898	0.000201
1899	0.000147
1900	0.000127
1901	0.000110
1902	0.000230
1903	0.000125
1904	0.000115
1905	0.000108
1906	0.000112
1907	0.000121
1908	0.000107
1909	0.000130
1910	0.000115
1911	0.000125
1912	0.000376
1913	0.000123
1914	0.000147
1915	0.000112
1916	0.000192
1917	0.000314
1918	0.000295
1919	0.000153
1920	0.000228
1921	0.000141
1922	0.000116
1923	0.000158
1924	0.000108
1925	0.000264
1926	0.000229
1927	0.000152
1928	0.000126
1929	0.000289
1930	0.000116
1931	0.000140
1932	0.000207
1933	0.000112
1934	0.000113
1935	0.000147
1936	0.000121
1937	0.000106
1938	0.000312
1939	0.000187
1940	0.000204
1941	0.000305
1942	0.000156
1943	0.000311
1944	0.000133
1945	0.000238
1946	0.000311
1947	0.000217
1948	0.000214
1949	0.000109
1950	0.000114
1951	0.000158
1952	0.000122
1953	0.000262
1954	0.000195
1955	0.000200
1956	0.000108
1957	0.000137
1958	0.000133
1959	0.000219
1960	0.000135
1961	0.000108
1962	0.000306
1963	0.000224
1964	0.000175
1965	0.000120
1966	0.000293
1967	0.000104
1968	0.000133
1969	0.000107
1970	0.000174
1971	0.000296
1972	0.000161
1973	0.000156
1974	0.000108
1975	0.000129
1976	0.000137
1977	0.000109
1978	0.000115
1979	0.000295
1980	0.000147
1981	0.000161
1982	0.000120
1983	0.000305
1984	0.000295
1985	0.000316
1986	0.000276
1987	0.000146
1988	0.000119
1989	0.000219
1990	0.000118
1991	0.000143
1992	0.000113
1993	0.000304
1994	0.000173
1995	0.000151
1996	0.000105
1997	0.000263
1998	0.000145
1999	0.000129
2000	0.000128
2001	0.000148
2002	0.000190
2003	0.000151
2004	0.000140
2005	0.000277
2006	0.000139
2007	0.000248
2008	0.000107
2009	0.000136
2010	0.000191
2011	0.000130
2012	0.000114
2013	0.000108
2014	0.000110
2015	0.000106
2016	0.000116
2017	0.000107
2018	0.000141
2019	0.000123
2020	0.000278
2021	0.000145
2022	0.000136
2023	0.000121
2024	0.000139
2025	0.000124
2026	0.000200
2027	0.000134
2028	0.000206
2029	0.000135
2030	0.000293
2031	0.000151
2032	0.000230
2033	0.000284
2034	0.000107
2035	0.000123
2036	0.000121
2037	0.000278
2038	0.000210
2039	0.000209
2040	0.000266
2041	0.000107
2042	0.000197
2043	0.000281
2044	0.000131
2045	0.000284
2046	0.000245
2047	0.000243
2048	0.000117
2049	0.000128
2050	0.000119
2051	0.000108
2052	0.000203
2053	0.000206
2054	0.000233
2055	0.000194
2056	0.000228
2057	0.000147
2058	0.000196
2059	0.000291
2060	0.000224
2061	0.000135
2062	0.000174
2063	0.000256
2064	0.000284
2065	0.000131
2066	0.000110
2067	0.000137
2068	0.000220
2069	0.000270
2070	0.000112
2071	0.000211
2072	0.000210
2073	0.000288
2074	0.000269
2075	0.000146
2076	0.000114
2077	0.000241
2078	0.000289
2079	0.000103
2080	0.000110
2081	0.000232
2082	0.000116
2083	0.000254
2084	0.000242
2085	0.000120
2086	0.000246
2087	0.000223
2088	0.000283
2089	0.000119
2090	0.000279
2091	0.000121
2092	0.000146
2093	0.000269
2094	0.000106
2095	0.000253
2096	0.000121
2097	0.000127
2098	0.000226
2099	0.000114
2100	0.000106
2101	0.000164
2102	0.000211
2103	0.000271
2104	0.000270
2105	0.000109
2106	0.000104
2107	0.000130
2108	0.000260
2109	0.000237
2110	0.000140
2111	0.000234
2112	0.000252
2113	0.000107
2114	0.000112
2115	0.000237
2116	0.000146
2117	0.000209
2118	0.000272
2119	0.000112
2120	0.000118
2121	0.000253
2122	0.000244
2123	0.000275
2124	0.000257
2125	0.000200
2126	0.000136
2127	0.000195
2128	0.000181
2129	0.000127
2130	0.000109
2131	0.000271
2132	0.000178
2133	0.000216
2134	0.000175
2135	0.000179
2136	0.000180
2137	0.000149
2138	0.000208
2139	0.000261
2140	0.000256
2141	0.000121
2142	0.000276
2143	0.000182
2144	0.000170
2145	0.000133
2146	0.000117
2147	0.000144
2148	0.000177
2149	0.000201
2150	0.000265
2151	0.000174
2152	0.000112
2153	0.000208
2154	0.000247
2155	0.000137
2156	0.000115
2157	0.000128
2158	0.000110
2159	0.000129
2160	0.000113
2161	0.000167
2162	0.000110
2163	0.000129
2164	0.000195
2165	0.000222
2166	0.000109
2167	0.000105
2168	0.000104
2169	0.000187
2170	0.000114
2171	0.000140
2172	0.000262
2173	0.000115
2174	0.000192
2175	0.000109
2176	0.000184
2177	0.000114
2178	0.000104
2179	0.000196
2180	0.000190
2181	0.000113
2182	0.000109
2183	0.000198
2184	0.000257
2185	0.000114
2186	0.000115
2187	0.000206
2188	0.000261
2189	0.000189
2190	0.000245
2191	0.000171
2192	0.000126
2193	0.000110
2194	0.000182
2195	0.000103
2196	0.000182
2197	0.000112
2198	0.000146
2199	0.000214
2200	0.000248
2201	0.000258
2202	0.000130
2203	0.000172
2204	0.000104
2205	0.000112
2206	0.000266
2207	0.000117
2208	0.000123
2209	0.000128
2210	0.000194
2211	0.000138
2212	0.000226
2213	0.000199
2214	0.000122
2215	0.000144
2216	0.000219
2217	0.000109
2218	0.000260
2219	0.000106
2220	0.000255
2221	0.000133
2222	0.000136
2223	0.000183
2224	0.000189
2225	0.000125
2226	0.000138
2227	0.000108
2228	0.000122
2229	0.000258
2230	0.000106
2231	0.000125
2232	0.000150
2233	0.000263
2234	0.000127
2235	0.000154
2236	0.000123
2237	0.000210
2238	0.000109
2239	0.000135
2240	0.000255
2241	0.000181
2242	0.000128
2243	0.000147
2244	0.000253
2245	0.000105
2246	0.000167
2247	0.000181
2248	0.000110
2249	0.000118
2250	0.000176
2251	0.000106
2252	0.000111
2253	0.000229
2254	0.000162
2255	0.000108
2256	0.000106
2257	0.000226
2258	0.000148
2259	0.000143
2260	0.000110
2261	0.000209
2262	0.000114
2263	0.000108
2264	0.000152
2265	0.000108
2266	0.000277
2267	0.000157
2268	0.000179
2269	0.000103
2270	0.000112
2271	0.000253
2272	0.000120
2273	0.000160
2274	0.000128
2275	0.000255
2276	0.000234
2277	0.000112
2278	0.000246
2279	0.000184
2280	0.000142
2281	0.000105
2282	0.000193
2283	0.000196
2284	0.000133
2285	0.000140
2286	0.000112
2287	0.000169
2288	0.000118
2289	0.000192
2290	0.000252
2291	0.000111
2292	0.000187
2293	0.000140
2294	0.000172
2295	0.000118
2296	0.000121
2297	0.000123
2298	0.000114
2299	0.000234
2300	0.000203
2301	0.000106
2302	0.000175
2303	0.000124
2304	0.000144
2305	0.000112
2306	0.000204
2307	0.000223
2308	0.000232
2309	0.000255
2310	0.000115
2311	0.000151
2312	0.000113
2313	0.000141
2314	0.000110
2315	0.000148
2316	0.000108
2317	0.000120
2318	0.000121
2319	0.000175
2320	0.000111
2321	0.000104
2322	0.000125
2323	0.000246
2324	0.000251
2325	0.000142
2326	0.000243
2327	0.000175
2328	0.000191
2329	0.000205
2330	0.000131
2331	0.000247
2332	0.000162
2333	0.000186
2334	0.000214
2335	0.000116
2336	0.000185
2337	0.000122
2338	0.000164
2339	0.000239
2340	0.000249
2341	0.000109
2342	0.000116
2343	0.000146
2344	0.000167
2345	0.000131
2346	0.000123
2347	0.000266
2348	0.000209
2349	0.000112
2350	0.000121
2351	0.000161
2352	0.000218
2353	0.000166
2354	0.000222
2355	0.000120
2356	0.000219
2357	0.000109
2358	0.000105
2359	0.000205
2360	0.000106
2361	0.000115
2362	0.000114
2363	0.000216
2364	0.000135
2365	0.000128
2366	0.000118
2367	0.000128
2368	0.000144
2369	0.000229
2370	0.000209
2371	0.000111
2372	0.000157
2373	0.000106
2374	0.000215
2375	0.000105
2376	0.000218
2377	0.000153
2378	0.000127
2379	0.000120
2380	0.000104
2381	0.000217
2382	0.000103
2383	0.000121
2384	0.000193
2385	0.000130
2386	0.000197
2387	0.000134
2388	0.000104
2389	0.000116
2390	0.000128
2391	0.000146
2392	0.000170
2393	0.000120
2394	0.000152
2395	0.000215
2396	0.000137
2397	0.000112
2398	0.000163
2399	0.000143
2400	0.000112
2401	0.000112
2402	0.000106
2403	0.000107
2404	0.000207
2405	0.000107
2406	0.000116
2407	0.000164
2408	0.000202
2409	0.000213
2410	0.000225
2411	0.000110
2412	0.000110
2413	0.000110
2414	0.000215
2415	0.000122
2416	0.000119
2417	0.000137
2418	0.000178
2419	0.000157
2420	0.000145
2421	0.000105
2422	0.000105
2423	0.000203
2424	0.000106
2425	0.000119
2426	0.000112
2427	0.000118
2428	0.000215
2429	0.000154
2430	0.000192
2431	0.000105
2432	0.000115
2433	0.000194
2434	0.000143
2435	0.000114
2436	0.000153
2437	0.000104
2438	0.000134
2439	0.000107
2440	0.000111
2441	0.000104
2442	0.000104
2443	0.000114
2444	0.000109
2445	0.000141
2446	0.000199
2447	0.000123
2448	0.000111
2449	0.000128
2450	0.000107
2451	0.000157
2452	0.000107
2453	0.000108
2454	0.000112
2455	0.000106
2456	0.000104
2457	0.000103
2458	0.000152
2459	0.000121
2460	0.000204
2461	0.000162
2462	0.000160
2463	0.000163
2464	0.000218
2465	0.000134
2466	0.000106
2467	0.000180
2468	0.000201
2469	0.000184
2470	0.000103
2471	0.000166
2472	0.000140
2473	0.000126
2474	0.000110
2475	0.000147
2476	0.000121
2477	0.000170
2478	0.000153
2479	0.000122
2480	0.000113
2481	0.000104
2482	0.000195
2483	0.000103
2484	0.000177
2485	0.000183
2486	0.000109
2487	0.000105
2488	0.000111
2489	0.000165
2490	0.000108
2491	0.000159
2492	0.000202
2493	0.000105
2494	0.000121
2495	0.000185
2496	0.000113
2497	0.000108
2498	0.000144
2499	0.000155
2500	0.000202
2501	0.000138
2502	0.000125
2503	0.000106
2504	0.000187
2505	0.000104
2506	0.000174
2507	0.000209
2508	0.000149
2509	0.000161
2510	0.000167
2511	0.000164
2512	0.000151
2513	0.000107
2514	0.000106
2515	0.000107
2516	0.000143
2517	0.000105
2518	0.000124
2519	0.000119
2520	0.000198
2521	0.000181
2522	0.000109
2523	0.000106
2524	0.000110
2525	0.000116
2526	0.000208
2527	0.000103
2528	0.000105
2529	0.000119
2530	0.000116
2531	0.000112
2532	0.000163
2533	0.000149
2534	0.000106
2535	0.000105
2536	0.000139
2537	0.000143
2538	0.000127
2539	0.000177
2540	0.000112
2541	0.000103
2542	0.000202
2543	0.000232
2544	0.000113
2545	0.000105
2546	0.000178
2547	0.000127
2548	0.000105
2549	0.000186
2550	0.000187
2551	0.000184
2552	0.000162
2553	0.000189
2554	0.000152
2555	0.000160
2556	0.000170
2557	0.000114
2558	0.000110
2559	0.000187
2560	0.000199
2561	0.000179
2562	0.000106
2563	0.000159
2564	0.000193
2565	0.000104
2566	0.000109
2567	0.000147
2568	0.000107
2569	0.000102
2570	0.000108
2571	0.000116
2572	0.000109
2573	0.000178
2574	0.000153
2575	0.000171
2576	0.000123
2577	0.000108
2578	0.000183
2579	0.000160
2580	0.000104
2581	0.000112
2582	0.000140
2583	0.000124
2584	0.000108
2585	0.000120
2586	0.000190
2587	0.000107
2588	0.000136
2589	0.000133
2590	0.000193
2591	0.000149
2592	0.000148
2593	0.000187
2594	0.000135
2595	0.000103
2596	0.000102
2597	0.000141
2598	0.000161
2599	0.000109
2600	0.000185
2601	0.000188
2602	0.000189
2603	0.000127
2604	0.000189
2605	0.000109
2606	0.000139
2607	0.000187
2608	0.000136
2609	0.000121
2610	0.000119
2611	0.000189
2612	0.000111
2613	0.000116
2614	0.000108
2615	0.000183
2616	0.000142
2617	0.000147
2618	0.000109
2619	0.000174
2620	0.000126
2621	0.000104
2622	0.000108
2623	0.000159
2624	0.000182
2625	0.000181
2626	0.000117
2627	0.000121
2628	0.000111
2629	0.000153
2630	0.000175
2631	0.000151
2632	0.000104
2633	0.000119
2634	0.000104
2635	0.000110
2636	0.000119
2637	0.000114
2638	0.000173
2639	0.000116
2640	0.000125
2641	0.000109
2642	0.000149
2643	0.000143
2644	0.000110
2645	0.000123
2646	0.000158
2647	0.000121
2648	0.000120
2649	0.000149
2650	0.000106
2651	0.000105
2652	0.000119
2653	0.000131
2654	0.000166
2655	0.000172
2656	0.000107
2657	0.000121
2658	0.000115
2659	0.000121
2660	0.000116
2661	0.000202
2662	0.000146
2663	0.000133
2664	0.000198
2665	0.000157
2666	0.000177
2667	0.000124
2668	0.000138
2669	0.000208
2670	0.000122
2671	0.000109
2672	0.000145
2673	0.000141
2674	0.000180
2675	0.000144
2676	0.000194
2677	0.000117
2678	0.000110
2679	0.000202
2680	0.000167
2681	0.000159
2682	0.000120
2683	0.000183
2684	0.000134
2685	0.000115
2686	0.000129
2687	0.000128
2688	0.000114
2689	0.000178
2690	0.000135
2691	0.000105
2692	0.000108
2693	0.000120
2694	0.000200
2695	0.000116
2696	0.000121
2697	0.000117
2698	0.000182
2699	0.000115
2700	0.000116
2701	0.000131
2702	0.000127
2703	0.000119
2704	0.000104
2705	0.000135
2706	0.000171
2707	0.000118
2708	0.000139
2709	0.000113
2710	0.000117
2711	0.000136
2712	0.000147
2713	0.000133
2714	0.000105
2715	0.000133
2716	0.000182
2717	0.000167
2718	0.000136
2719	0.000186
2720	0.000149
2721	0.000108
2722	0.000105
2723	0.000113
2724	0.000166
2725	0.000109
2726	0.000122
2727	0.000116
2728	0.000140
2729	0.000160
2730	0.000180
2731	0.000131
2732	0.000109
2733	0.000125
2734	0.000124
2735	0.000120
2736	0.000107
2737	0.000124
2738	0.000175
2739	0.000134
2740	0.000104
2741	0.000158
2742	0.000195
2743	0.000149
2744	0.000117
2745	0.000141
2746	0.000123
2747	0.000115
2748	0.000167
2749	0.000165
2750	0.000195
2751	0.000134
2752	0.000108
2753	0.000150
2754	0.000216
2755	0.000195
2756	0.000153
2757	0.000189
2758	0.000147
2759	0.000126
2760	0.000110
2761	0.000132
2762	0.000125
2763	0.000168
2764	0.000124
2765	0.000147
2766	0.000115
2767	0.000108
2768	0.000132
2769	0.000115
2770	0.000142
2771	0.000113
2772	0.000130
2773	0.000164
2774	0.000106
2775	0.000129
2776	0.000106
2777	0.000187
2778	0.000180
2779	0.000122
2780	0.000150
2781	0.000159
2782	0.000197
2783	0.000136
2784	0.000128
2785	0.000138
2786	0.000197
2787	0.000150
2788	0.000104
2789	0.000121
2790	0.000109
2791	0.000113
2792	0.000104
2793	0.000191
2794	0.000120
2795	0.000124
2796	0.000154
2797	0.000124
2798	0.000105
2799	0.000108
2800	0.000185
2801	0.000112
2802	0.000115
2803	0.000120
2804	0.000112
2805	0.000108
2806	0.000137
2807	0.000123
2808	0.000104
2809	0.000118
2810	0.000159
2811	0.000109
2812	0.000122
2813	0.000121
2814	0.000103
2815	0.000161
2816	0.000114
2817	0.000105
2818	0.000112
2819	0.000126
2820	0.000116
2821	0.000114
2822	0.000114
2823	0.000134
2824	0.000107
2825	0.000122
2826	0.000109
2827	0.000178
2828	0.000166
2829	0.000129
2830	0.000124
2831	0.000120
2832	0.000132
2833	0.000169
2834	0.000110
2835	0.000148
2836	0.000130
2837	0.000113
2838	0.000104
2839	0.000213
2840	0.000138
2841	0.000130
2842	0.000103
2843	0.000128
2844	0.000130
2845	0.000123
2846	0.000124
2847	0.000110
2848	0.000118
2849	0.000166
2850	0.000143
2851	0.000123
2852	0.000115
2853	0.000152
2854	0.000126
2855	0.000105
2856	0.000112
2857	0.000103
2858	0.000118
2859	0.000114
2860	0.000104
2861	0.000109
2862	0.000172
2863	0.000174
2864	0.000171
2865	0.000134
2866	0.000177
2867	0.000176
2868	0.000113
2869	0.000155
2870	0.000124
2871	0.000141
2872	0.000175
2873	0.000169
2874	0.000145
2875	0.000150
2876	0.000114
2877	0.000192
2878	0.000113
2879	0.000117
2880	0.000164
2881	0.000140
2882	0.000110
2883	0.000112
2884	0.000108
2885	0.000104
2886	0.000108
2887	0.000140
2888	0.000115
2889	0.000118
2890	0.000177
2891	0.000123
2892	0.000125
2893	0.000109
2894	0.000154
2895	0.000110
2896	0.000146
2897	0.000153
2898	0.000109
2899	0.000107
2900	0.000114
2901	0.000158
2902	0.000107
2903	0.000108
2904	0.000153
2905	0.000167
2906	0.000181
2907	0.000132
2908	0.000128
2909	0.000167
2910	0.000171
2911	0.000161
2912	0.000153
2913	0.000164
2914	0.000134
2915	0.000174
2916	0.000171
2917	0.000116
2918	0.000120
2919	0.000158
2920	0.000158
2921	0.000140
2922	0.000104
2923	0.000115
2924	0.000135
2925	0.000163
2926	0.000107
2927	0.000173
2928	0.000168
2929	0.000140
2930	0.000108
2931	0.000144
2932	0.000135
2933	0.000109
2934	0.000116
2935	0.000108
2936	0.000148
2937	0.000148
2938	0.000120
2939	0.000154
2940	0.000150
2941	0.000111
2942	0.000111
2943	0.000160
2944	0.000175
2945	0.000141
2946	0.000145
2947	0.000120
2948	0.000119
2949	0.000111
2950	0.000147
2951	0.000182
2952	0.000104
2953	0.000129
2954	0.000113
2955	0.000138
2956	0.000169
2957	0.000112
2958	0.000138
2959	0.000116
2960	0.000167
2961	0.000111
2962	0.000116
2963	0.000104
2964	0.000116
2965	0.000118
2966	0.000175
2967	0.000118
2968	0.000111
2969	0.000151
2970	0.000139
2971	0.000104
2972	0.000115
2973	0.000157
2974	0.000143
2975	0.000104
2976	0.000132
2977	0.000126
2978	0.000120
2979	0.000113
2980	0.000106
2981	0.000120
2982	0.000114
2983	0.000109
2984	0.000123
2985	0.000145
2986	0.000166
2987	0.000125
2988	0.000145
2989	0.000144
2990	0.000113
2991	0.000148
2992	0.000153
2993	0.000143
2994	0.000146
2995	0.000113
2996	0.000132
2997	0.000107
2998	0.000104
2999	0.000113
3000	0.000161
3001	0.000125
3002	0.000159
3003	0.000104
3004	0.000136
3005	0.000141
3006	0.000103
3007	0.000122
3008	0.000113
3009	0.000118
3010	0.000127
3011	0.000133
3012	0.000106
3013	0.000119
3014	0.000131
3015	0.000108
3016	0.000127
3017	0.000157
3018	0.000129
3019	0.000153
3020	0.000115
3021	0.000140
3022	0.000156
3023	0.000124
3024	0.000116
3025	0.000138
3026	0.000163
3027	0.000150
3028	0.000106
3029	0.000135
3030	0.000109
3031	0.000103
3032	0.000121
3033	0.000159
3034	0.000139
3035	0.000161
3036	0.000127
3037	0.000104
3038	0.000159
3039	0.000122
3040	0.000138
3041	0.000120
3042	0.000117
3043	0.000115
3044	0.000107
3045	0.000107
3046	0.000126
3047	0.000134
3048	0.000114
3049	0.000153
3050	0.000113
3051	0.000165
3052	0.000134
3053	0.000108
3054	0.000153
3055	0.000106
3056	0.000149
3057	0.000113
3058	0.000112
3059	0.000105
3060	0.000151
3061	0.000112
3062	0.000126
3063	0.000105
3064	0.000142
3065	0.000136
3066	0.000107
3067	0.000112
3068	0.000115
3069	0.000116
3070	0.000144
3071	0.000103
3072	0.000120
3073	0.000137
3074	0.000105
3075	0.000114
3076	0.000156
3077	0.000141
3078	0.000159
3079	0.000125
3080	0.000120
3081	0.000119
3082	0.000171
3083	0.000105
3084	0.000146
3085	0.000131
3086	0.000130
3087	0.000138
3088	0.000112
3089	0.000142
3090	0.000161
3091	0.000105
3092	0.000111
3093	0.000115
3094	0.000107
3095	0.000113
3096	0.000146
3097	0.000127
3098	0.000139
3099	0.000106
3100	0.000128
3101	0.000172
3102	0.000135
3103	0.000118
3104	0.000148
3105	0.000108
3106	0.000142
3107	0.000131
3108	0.000137
3109	0.000115
3110	0.000113
3111	0.000144
3112	0.000110
3113	0.000144
3114	0.000129
3115	0.000140
3116	0.000161
3117	0.000134
3118	0.000133
3119	0.000140
3120	0.000147
3121	0.000104
3122	0.000106
3123	0.000121
3124	0.000119
3125	0.000104
3126	0.000105
3127	0.000105
3128	0.000105
3129	0.000122
3130	0.000108
3131	0.000107
3132	0.000153
3133	0.000109
3134	0.000104
3135	0.000122
3136	0.000143
3137	0.000130
3138	0.000112
3139	0.000114
3140	0.000142
3141	0.000107
3142	0.000134
3143	0.000105
3144	0.000114
3145	0.000142
3146	0.000138
3147	0.000104
3148	0.000120
3149	0.000139
3150	0.000151
3151	0.000111
3152	0.000149
3153	0.000108
3154	0.000147
3155	0.000107
3156	0.000112
3157	0.000113
3158	0.000131
3159	0.000107
3160	0.000118
3161	0.000106
3162	0.000130
3163	0.000115
3164	0.000107
3165	0.000106
3166	0.000121
3167	0.000115
3168	0.000125
3169	0.000136
3170	0.000119
3171	0.000114
3172	0.000142
3173	0.000112
3174	0.000142
3175	0.000106
3176	0.000116
3177	0.000122
3178	0.000114
3179	0.000137
3180	0.000107
3181	0.000106
3182	0.000138
3183	0.000103
3184	0.000135
3185	0.000143
3186	0.000113
3187	0.000125
3188	0.000129
3189	0.000116
3190	0.000110
3191	0.000123
3192	0.000111
3193	0.000116
3194	0.000111
3195	0.000140
3196	0.000128
3197	0.000108
3198	0.000144
3199	0.000115
3200	0.000107
3201	0.000148
3202	0.000109
3203	0.000120
3204	0.000127
3205	0.000110
3206	0.000129
3207	0.000122
3208	0.000108
3209	0.000114
3210	0.000110
3211	0.000114
3212	0.000119
3213	0.000121
3214	0.000129
3215	0.000115
3216	0.000104
3217	0.000106
3218	0.000105
3219	0.000122
3220	0.000130
3221	0.000114
3222	0.000111
3223	0.000114
3224	0.000133
3225	0.000117
3226	0.000143
3227	0.000106
3228	0.000122
3229	0.000109
3230	0.000102
3231	0.000115
3232	0.000153
3233	0.000128
3234	0.000120
3235	0.000107
3236	0.000115
3237	0.000117
3238	0.000123
3239	0.000137
3240	0.000137
3241	0.000110
3242	0.000109
3243	0.000118
3244	0.000107
3245	0.000110
3246	0.000108
3247	0.000136
3248	0.000116
3249	0.000108
3250	0.000120
3251	0.000106
3252	0.000145
3253	0.000131
3254	0.000109
3255	0.000118
3256	0.000136
3257	0.000124
3258	0.000124
3259	0.000116
3260	0.000117
3261	0.000129
3262	0.000113
3263	0.000124
3264	0.000119
3265	0.000125
3266	0.000106
3267	0.000137
3268	0.000103
3269	0.000106
3270	0.000105
3271	0.000104
3272	0.000124
3273	0.000113
3274	0.000131
3275	0.000114
3276	0.000111
3277	0.000136
3278	0.000109
3279	0.000113
3280	0.000149
3281	0.000109
3282	0.000104
3283	0.000113
3284	0.000137
3285	0.000113
3286	0.000113
3287	0.000123
3288	0.000126
3289	0.000113
3290	0.000104
3291	0.000155
3292	0.000108
3293	0.000132
3294	0.000114
3295	0.000120
3296	0.000122
3297	0.000129
3298	0.000122
3299	0.000129
3300	0.000110
3301	0.000122
3302	0.000128
3303	0.000118
3304	0.000117
3305	0.000104
3306	0.000112
3307	0.000110
3308	0.000106
3309	0.000113
3310	0.000103
3311	0.000109
3312	0.000111
3313	0.000114
3314	0.000111
3315	0.000108
3316	0.000119
3317	0.000106
3318	0.000112
3319	0.000114
3320	0.000149
3321	0.000133
3322	0.000104
3323	0.000105
3324	0.000138
3325	0.000112
3326	0.000109
3327	0.000120
3328	0.000109
3329	0.000110
3330	0.000142
3331	0.000116
3332	0.000128
3333	0.000106
3334	0.000106
3335	0.000129
3336	0.000104
3337	0.000111
3338	0.000109
3339	0.000133
3340	0.000108
3341	0.000114
3342	0.000130
3343	0.000107
3344	0.000134
3345	0.000129
3346	0.000115
3347	0.000134
3348	0.000137
3349	0.000107
3350	0.000133
3351	0.000135
3352	0.000107
3353	0.000127
3354	0.000105
3355	0.000124
3356	0.000110
3357	0.000108
3358	0.000107
3359	0.000110
3360	0.000129
3361	0.000107
3362	0.000133
3363	0.000153
3364	0.000123
3365	0.000119
3366	0.000124
3367	0.000107
3368	0.000105
3369	0.000116
3370	0.000105
3371	0.000108
3372	0.000105
3373	0.000108
3374	0.000107
3375	0.000104
3376	0.000108
3377	0.000114
3378	0.000124
3379	0.000111
3380	0.000110
3381	0.000123
3382	0.000110
3383	0.000107
3384	0.000122
3385	0.000119
3386	0.000122
3387	0.000140
3388	0.000107
3389	0.000105
3390	0.000112
3391	0.000123
3392	0.000110
3393	0.000108
3394	0.000113
3395	0.000116
3396	0.000129
3397	0.000143
3398	0.000105
3399	0.000117
3400	0.000115
3401	0.000107
3402	0.000109
3403	0.000119
3404	0.000108
3405	0.000106
3406	0.000128
3407	0.000103
3408	0.000104
3409	0.000108
3410	0.000108
3411	0.000123
3412	0.000117
3413	0.000104
3414	0.000109
3415	0.000112
3416	0.000122
3417	0.000136
3418	0.000107
3419	0.000124
3420	0.000109
3421	0.000109
3422	0.000116
3423	0.000109
3424	0.000105
3425	0.000107
3426	0.000143
3427	0.000106
3428	0.000105
3429	0.000104
3430	0.000109
3431	0.000109
3432	0.000104
3433	0.000126
3434	0.000138
3435	0.000120
3436	0.000105
3437	0.000394
3438	0.000218
3439	0.000134
3440	0.000216
3441	0.000126
3442	0.000218
3443	0.000180
3444	0.000119
3445	0.000128
3446	0.000139
3447	0.000122
3448	0.000283
3449	0.000274
3450	0.000182
3451	0.000106
3452	0.000173
3453	0.000106
3454	0.000149
3455	0.000205
3456	0.000282
3457	0.000127
3458	0.000167
3459	0.000149
3460	0.000191
3461	0.000138
3462	0.000184
3463	0.000174
3464	0.000198
3465	0.000145
3466	0.000181
3467	0.000114
3468	0.000182
3469	0.000185
3470	0.000154
3471	0.000206
3472	0.000153
3473	0.000143
3474	0.000160
3475	0.000226
3476	0.000140
3477	0.000120
3478	0.000140
3479	0.000139
3480	0.000213
3481	0.000135
3482	0.000145
3483	0.000134
3484	0.000165
3485	0.000181
3486	0.000183
3487	0.000123
3488	0.000262
3489	0.000113
3490	0.000147
3491	0.000195
3492	0.000129
3493	0.000158
3494	0.000112
3495	0.000275
3496	0.000146
3497	0.000199
3498	0.000162
3499	0.000152
3500	0.000145
3501	0.000270
3502	0.000120
3503	0.000139
3504	0.000119
3505	0.000149
3506	0.000211
3507	0.000128
3508	0.000146
3509	0.000161
3510	0.000163
3511	0.000155
3512	0.000139
3513	0.000121
3514	0.000249
3515	0.000130
3516	0.000134
3517	0.000148
3518	0.000227
3519	0.000144
3520	0.000128
3521	0.000197
3522	0.000134
3523	0.000134
3524	0.000140
3525	0.000185
3526	0.000158
3527	0.000193
3528	0.000223
3529	0.000193
3530	0.000118
3531	0.000129
3532	0.000135
3533	0.000137
3534	0.000159
3535	0.000146
3536	0.000137
3537	0.000108
3538	0.000145
3539	0.000119
3540	0.000179
3541	0.000129
3542	0.000210
3543	0.000131
3544	0.000111
3545	0.000298
3546	0.000143
3547	0.000131
3548	0.000119
3549	0.000139
3550	0.000145
3551	0.000118
3552	0.000121
3553	0.000156
3554	0.000158
3555	0.000153
3556	0.000133
3557	0.000204
3558	0.000189
3559	0.000180
3560	0.000108
3561	0.000146
3562	0.000133
3563	0.000141
3564	0.000142
3565	0.000112
3566	0.000124
3567	0.000133
3568	0.000176
3569	0.000167
3570	0.000104
3571	0.000142
3572	0.000125
3573	0.000168
3574	0.000161
3575	0.000107
3576	0.000223
3577	0.000248
3578	0.000189
3579	0.000138
3580	0.000123
3581	0.000123
3582	0.000112
3583	0.000116
3584	0.000199
3585	0.000120
3586	0.000224
3587	0.000137
3588	0.000114
3589	0.000105
3590	0.000152
3591	0.000151
3592	0.000117
3593	0.000198
3594	0.000125
3595	0.000131
3596	0.000287
3597	0.000107
3598	0.000118
3599	0.000157
3600	0.000111
3601	0.000149
3602	0.000146
3603	0.000135
3604	0.000258
3605	0.000203
3606	0.000118
3607	0.000116
3608	0.000135
3609	0.000185
3610	0.000133
3611	0.000227
3612	0.000129
3613	0.000129
3614	0.000124
3615	0.000134
3616	0.000137
3617	0.000170
3618	0.000164
3619	0.000107
3620	0.000141
3621	0.000139
3622	0.000127
3623	0.000144
3624	0.000134
3625	0.000201
3626	0.000110
3627	0.000150
3628	0.000145
3629	0.000156
3630	0.000133
3631	0.000126
3632	0.000113
3633	0.000249
3634	0.000151
3635	0.000171
3636	0.000142
3637	0.000113
3638	0.000134
3639	0.000124
3640	0.000195
3641	0.000123
3642	0.000155
3643	0.000156
3644	0.000121
3645	0.000136
3646	0.000137
3647	0.000124
3648	0.000141
3649	0.000126
3650	0.000103
3651	0.000190
3652	0.000115
3653	0.000106
3654	0.000141
3655	0.000130
3656	0.000165
3657	0.000126
3658	0.000139
3659	0.000122
3660	0.000115
3661	0.000115
3662	0.000134
3663	0.000125
3664	0.000118
3665	0.000114
3666	0.000115
3667	0.000160
3668	0.000130
3669	0.000117
3670	0.000157
3671	0.000123
3672	0.000202
3673	0.000106
3674	0.000192
3675	0.000131
3676	0.000110
3677	0.000210
3678	0.000111
3679	0.000129
3680	0.000182
3681	0.000125
3682	0.000121
3683	0.000148
3684	0.000237
3685	0.000121
3686	0.000109
3687	0.000180
3688	0.000105
3689	0.000111
3690	0.000150
3691	0.000107
3692	0.000191
3693	0.000167
3694	0.000110
3695	0.000124
3696	0.000124
3697	0.000157
3698	0.000125
3699	0.000109
3700	0.000115
3701	0.000132
3702	0.000183
3703	0.000144
3704	0.000104
3705	0.000157
3706	0.000140
3707	0.000153
3708	0.000132
3709	0.000103
3710	0.000139
3711	0.000157
3712	0.000124
3713	0.000138
3714	0.000142
3715	0.000122
3716	0.000118
3717	0.000105
3718	0.000157
3719	0.000141
3720	0.000110
3721	0.000168
3722	0.000145
3723	0.000116
3724	0.000111
3725	0.000135
3726	0.000141
3727	0.000118
3728	0.000136
3729	0.000103
3730	0.000159
3731	0.000180
3732	0.000106
3733	0.000105
3734	0.000204
3735	0.000122
3736	0.000135
3737	0.000182
3738	0.000164
3739	0.000127
3740	0.000133
3741	0.000146
3742	0.000117
3743	0.000131
3744	0.000105
3745	0.000116
3746	0.000104
3747	0.000131
3748	0.000103
3749	0.000107
3750	0.000168
3751	0.000106
3752	0.000143
3753	0.000132
3754	0.000117
3755	0.000123
3756	0.000211
3757	0.000133
3758	0.000174
3759	0.000133
3760	0.000134
3761	0.000134
3762	0.000139
3763	0.000120
3764	0.000150
3765	0.000115
3766	0.000117
3767	0.000121
3768	0.000143
3769	0.000116
3770	0.000115
3771	0.000120
3772	0.000118
3773	0.000119
3774	0.000132
3775	0.000115
3776	0.000127
3777	0.000118
3778	0.000116
3779	0.000134
3780	0.000134
3781	0.000111
3782	0.000152
3783	0.000119
3784	0.000127
3785	0.000137
3786	0.000137
3787	0.000105
3788	0.000126
3789	0.000107
3790	0.000192
3791	0.000127
3792	0.000128
3793	0.000174
3794	0.000158
3795	0.000114
3796	0.000125
3797	0.000179
3798	0.000103
3799	0.000118
3800	0.000194
3801	0.000104
3802	0.000120
3803	0.000130
3804	0.000192
3805	0.000114
3806	0.000116
3807	0.000104
3808	0.000104
3809	0.000121
3810	0.000149
3811	0.000110
3812	0.000114
3813	0.000114
3814	0.000116
3815	0.000120
3816	0.000106
3817	0.000126
3818	0.000121
3819	0.000121
3820	0.000103
3821	0.000141
3822	0.000150
3823	0.000123
3824	0.000195
3825	0.000133
3826	0.000153
3827	0.000110
3828	0.000153
3829	0.000148
3830	0.000252
3831	0.000148
3832	0.000121
3833	0.000149
3834	0.000112
3835	0.000130
3836	0.000132
3837	0.000122
3838	0.000205
3839	0.000110
3840	0.000115
3841	0.000161
3842	0.000175
3843	0.000113
3844	0.000108
3845	0.000140
3846	0.000103
3847	0.000119
3848	0.000109
3849	0.000115
3850	0.000121
3851	0.000198
3852	0.000145
3853	0.000103
3854	0.000103
3855	0.000121
3856	0.000103
3857	0.000117
3858	0.000158
3859	0.000116
3860	0.000164
3861	0.000126
3862	0.000121
3863	0.000120
3864	0.000112
3865	0.000107
3866	0.000127
3867	0.000126
3868	0.000125
3869	0.000145
3870	0.000138
3871	0.000113
3872	0.000124
3873	0.000169
3874	0.000121
3875	0.000103
3876	0.000111
3877	0.000190
3878	0.000115
3879	0.000103
3880	0.000118
3881	0.000122
3882	0.000108
3883	0.000120
3884	0.000161
3885	0.000103
3886	0.000147
3887	0.000104
3888	0.000115
3889	0.000132
3890	0.000109
3891	0.000141
3892	0.000118
3893	0.000111
3894	0.000116
3895	0.000117
3896	0.000130
3897	0.000108
3898	0.000119
3899	0.000111
3900	0.000146
3901	0.000112
3902	0.000167
3903	0.000125
3904	0.000112
3905	0.000114
3906	0.000153
3907	0.000126
3908	0.000110
3909	0.000130
3910	0.000107
3911	0.000110
3912	0.000119
3913	0.000129
3914	0.000115
3915	0.000129
3916	0.000111
3917	0.000117
3918	0.000130
3919	0.000115
3920	0.000120
3921	0.000126
3922	0.000107
3923	0.000108
3924	0.000147
3925	0.000110
3926	0.000170
3927	0.000127
3928	0.000108
3929	0.000124
3930	0.000167
3931	0.000126
3932	0.000109
3933	0.000123
3934	0.000116
3935	0.000103
3936	0.000110
3937	0.000119
3938	0.000217
3939	0.000111
3940	0.000119
3941	0.000111
3942	0.000107
3943	0.000144
3944	0.000123
3945	0.000137
3946	0.000108
3947	0.000137
3948	0.000179
3949	0.000118
3950	0.000120
3951	0.000139
3952	0.000106
3953	0.000107
3954	0.000108
3955	0.000107
3956	0.000128
3957	0.000119
3958	0.000112
3959	0.000105
3960	0.000117
3961	0.000111
3962	0.000156
3963	0.000111
3964	0.000117
3965	0.000108
3966	0.000165
3967	0.000116
3968	0.000159
3969	0.000127
3970	0.000110
3971	0.000159
3972	0.000120
3973	0.000111
3974	0.000103
3975	0.000115
3976	0.000117
3977	0.000108
3978	0.000108
3979	0.000114
3980	0.000151
3981	0.000110
3982	0.000116
3983	0.000104
3984	0.000103
3985	0.000108
3986	0.000110
3987	0.000104
3988	0.000108
3989	0.000107
3990	0.000106
3991	0.000104
3992	0.000105
3993	0.000107
3994	0.000112
3995	0.000109
3996	0.000105
3997	0.000111
3998	0.000113
3999	0.000105
4000	0.000109
4001	0.000104
4002	0.000107
4003	0.000106
4004	0.000110
4005	0.000103
4006	0.000104
4007	0.000105
4008	0.000103
4009	0.000108
4010	0.000103
4011	0.000104
4012	0.000103
4013	0.000106
4014	0.000110
4015	0.000103
4016	0.000104
4017	0.000107
4018	0.000106
4019	0.000107
4020	0.000108
4021	0.000108
4022	0.000103
4023	0.000111
4024	0.000103
4025	0.000104
4026	0.000106
4027	0.000107
4028	0.000103
4029	0.000103
4030	0.000109
4031	0.000107
4032	0.000103
4033	0.000103
4034	0.000103
4035	0.000103
4036	0.000103
4037	0.000104
4038	0.000106
