0	0
12	0
30	0
54	0
79	0
104	0
126	0
138	0
152	0
164	0
177	0
190	0
214	0
239	0
267	0
292	0
314	0
340	0
419	0
431	0
450	0
471	0
546	0
564	0
591	0
614	0
632	0
645	0
740	0
754	0
769	0
776	0
787	0
802	0
810	0
818	0
919	0
935	0
952	0
987	0
1084	0
1100	0
1116	0
1132	0
1146	0
1282	0
1296	0
1310	0
1331	0
1346	0
1358	0
1374	0
1380	0
1401	0
1413	0
1420	0
1430	0
1463	0
1469	0
1476	0
1489	0
1502	0
1511	0
1523	0
1531	0
1537	0
1556	0
1560	0
1564	0
1573	0
1588	0
1593	0
1609	0
1625	0
1648	0
1653	0
1678	0
1691	0
1722	0
1729	0
1737	0
1745	0
1752	0
1771	0
1788	0
1795	0
1803	0
1811	0
1825	0
1845	0
1853	0
1878	0
1901	0
1911	0
1931	0
1940	0
1984	0
1991	0
1998	0
2006	0
2026	0
2033	0
2041	0
2049	0
2068	0
2076	0
2084	0
2092	0
2099	0
2107	0
2114	0
2133	0
2141	0
2169	0
2176	0
2181	0
2187	0
2205	0
2209	0
2214	0
2219	0
2242	0
2266	0
2283	0
2301	0
2333	0
2337	0
2354	0
2370	0
2380	0
2394	0
2408	0
2462	0
2490	0
2529	0
2545	0
2561	0
2592	0
2615	0
2629	0
2643	0
2664	0
2685	0
2704	0
2723	0
2736	0
2745	0
2771	0
2785	0
2800	0
2813	0
2822	0
2855	0
2888	0
2900	0
2913	0
2960	0
2973	0
3006	0
3014	0
3060	0
3106	0
3143	0
3170	0
3199	0
3232	0
3237	0
3251	0
3255	0
3260	0
3270	0
3282	0
3297	0
3308	0
3313	0
3325	0
3350	0
3364	0
3377	0
3390	0
3404	0
3453	0
3488	0
3500	0
3515	0
3531	0
3544	0
3558	0
3572	0
3588	0
3599	0
3611	0
3620	0
3840	0
3852	0
3883	0
3891	0
3926	0
3931	0
3942	0
3952	0
3957	0
3966	0
3978	0
3991	0
4004	0
4014	0
4028	0
4038	0
4049	0
4057	0
4069	0
4083	0
4091	0
4104	0
4163	0
4200	0
4206	0
4257	0
4269	0
4290	0
4303	0
4311	0
4319	0
4330	0
4339	0
4348	0
4360	0
4369	0
4382	0
4394	0
4404	0
4415	0
4430	0
4438	0
4456	0
4506	0
4515	0
4524	0
4532	0
4540	0
4551	0
4562	0
4575	0
4582	0
4590	0
4598	0
4603	0
4614	0
4620	0
4633	0
4648	0
4659	0
4674	0
4690	0
4699	0
4708	0
4719	0
4769	0
4783	0
4803	0
4810	0
4818	0
4834	0
4850	0
4866	0
4877	0
4885	0
4896	0
4915	0
4925	0
4952	0
4962	0
4987	0
4996	0
5003	0
5014	0
5025	0
5039	0
5051	0
5060	0
5070	0
5080	0
5088	0
5098	0
5109	0
5122	0
5129	0
5140	0
5148	0
5157	0
5165	0
5175	0
5193	0
5217	0
5222	0
5232	0
5240	0
5246	0
5252	0
5259	0
5266	0
5274	0
5287	0
5302	0
5316	0
5321	0
5338	0
5354	0
5369	0
5385	0
5393	0
5398	0
5408	0
5419	0
5428	0
5437	0
5451	0
5458	0
5466	0
5478	0
5491	0
5506	0
5514	0
5519	0
5530	0
5540	0
5554	0
5568	0
5582	0
5601	0
5611	0
5628	0
5639	0
5672	0
5684	0
5694	0
5709	0
5716	0
5724	0
5733	0
5745	0
5751	0
5764	0
5771	0
5779	0
5786	0
5800	0
5810	0
5819	0
5825	0
5839	0
5848	0
5860	0
5873	0
5884	0
5894	0
5903	0
5913	0
5924	0
5938	0
5949	0
5960	0
5969	0
5979	0
5985	0
5991	0
6002	0
6012	0
6017	0
6032	0
6060	0
6073	0
6098	0
6106	0
6115	0
6122	0
6139	0
6147	0
6156	0
6172	0
6185	0
6229	0
6243	0
6282	0
6289	0
6301	0
6312	0
6326	0
6340	0
6354	0
6364	0
6372	0
6381	0
6390	0
6416	0
6426	0
6448	0
6461	0
6472	0
6485	0
6500	0
6513	0
6526	0
6540	0
6555	0
6641	0
6646	0
6653	0
6664	0
6673	0
6686	0
6695	0
6708	0
6724	0
6733	0
6749	0
6756	0
6768	0
6781	0
6791	0
6797	0
6805	0
6817	0
6824	0
6836	0
6860	0
6883	0
6891	0
6901	0
6909	0
6926	0
6934	0
6943	0
6955	0
6965	0
6975	0
6984	0
6993	0
7001	0
7010	0
7054	0
7075	0
7104	0
7111	0
7122	0
7132	0
7142	0
7150	0
7157	0
7164	0
7173	0
7181	0
7189	0
7202	0
7219	0
7255	0
7262	0
7280	0
7297	0
7305	0
7321	0
7338	0
7350	0
7359	0
7371	0
7380	0
7389	0
7402	0
7413	0
7420	0
7440	0
7447	0
7456	0
7463	0
7471	0
7480	0
7490	0
7504	0
7514	0
7522	0
7528	0
7536	0
7548	0
7561	0
7575	0
7583	0
7594	0
7603	0
7610	0
7618	0
7626	0
7637	0
7644	0
7658	0
7671	0
7691	0
7704	0
7723	0
7734	0
7743	0
7756	0
7771	0
7780	0
7797	0
7808	0
7820	0
7832	0
7848	0
7863	0
7885	0
7896	0
7908	0
7922	0
7933	0
7943	0
7961	0
7975	0
8031	0
8045	0
8057	0
8069	0
8083	0
8118	0
8142	0
8169	0
8208	0
8234	0
8250	0
8274	0
8291	0
8308	0
8328	0
8346	0
8363	0
8382	0
8401	0
8419	0
8433	0
8447	0
8463	0
8478	0
8497	0
8533	0
8544	0
8554	0
8568	0
8629	0
8682	0
8766	0
8869	0
8969	0
9079	0
9197	0
9202	0
9210	0
9222	0
9235	0
9244	0
9253	0
9270	0
9288	0
9300	0
9309	0
9320	0
9332	0
9340	0
9352	0
9362	0
9374	0
9387	0
9397	0
9413	0
9425	0
9431	0
9440	0
9452	0
9469	0
9479	0
9486	0
9495	0
9503	0
9508	0
9514	0
9526	0
9539	0
9570	0
9588	0
9601	0
9615	0
9643	0
9664	0
9689	0
9701	0
9714	0
9728	0
9741	0
9755	0
9777	0
9797	0
9808	0
9829	0
9842	0
9849	0
9856	0
9865	0
9889	0
9905	0
9920	0
9931	0
9939	0
9954	0
9968	0
9977	0
9983	0
10018	0
10039	0
10045	0
10054	0
10065	0
10078	0
10092	0
10107	0
10144	0
10149	0
10159	0
10168	0
10180	0
10190	0
10206	0
10218	0
10231	0
10244	0
10254	0
10267	0
10279	0
10289	0
10297	0
10302	0
10311	0
10318	0
10326	0
10334	0
10362	0
10372	0
10384	0
10394	0
10401	0
10410	0
10418	0
10430	0
10437	0
10444	0
10451	0
10458	0
10468	0
10474	0
10481	0
10487	0
10494	0
10500	0
10509	0
10516	0
10538	0
10565	0
10604	0
10635	0
10678	0
10706	0
10746	0
10778	0
10805	0
10844	0
10871	0
10910	0
10950	0
10982	0
11026	0
11055	0
11096	0
11125	0
11166	0
11208	0
11247	0
11278	0
11321	0
11353	0
11397	0
11424	0
11463	0
11495	0
11539	0
11547	0
11560	0
11570	0
11581	0
11591	0
11602	0
11614	0
11632	0
11654	0
11661	0
11669	0
11678	0
11689	0
11715	0
11738	0
11750	0
11759	0
11791	0
11805	0
11816	0
11827	0
11838	0
11848	0
11861	0
11877	0
11891	0
11901	0
11911	0
11925	0
11933	0
11946	0
11957	0
11968	0
11997	0
12009	0
12019	0
12024	0
12034	0
12043	0
12053	0
12066	0
12072	0
12084	0
12094	0
12101	0
12111	0
12121	0
12127	0
12140	0
12153	0
12203	0
12214	0
12224	0
12237	0
12249	0
12276	0
12289	0
12317	0
12323	0
12332	0
12346	0
12363	0
12374	0
12383	0
12393	0
12398	0
12409	0
12421	0
12428	0
12439	0
12447	0
12454	0
12463	0
12470	0
12478	0
12486	0
12497	0
12511	0
12525	0
12560	0
12571	0
12579	0
12588	0
12597	0
12605	0
12610	0
12616	0
12623	0
12633	0
12643	0
12655	0
12665	0
12675	0
12686	0
12697	0
12702	0
12714	0
12722	0
12730	0
12740	0
12770	0
12784	0
12795	0
12807	0
12822	0
12832	0
12843	0
12854	0
12864	0
12876	0
12886	0
12892	0
12905	0
12911	0
12923	0
12932	0
12940	0
12949	0
12956	0
12964	0
12973	0
12981	0
12991	0
13006	0
13016	0
13025	0
13037	0
13047	0
13058	0
13065	0
13074	0
13082	0
13090	0
13211	0
13222	0
13233	0
13240	0
13248	0
13255	0
13274	0
13291	0
13305	0
13311	0
13324	0
13338	0
13352	0
13362	0
13370	0
13381	0
13390	0
13402	0
13408	0
13426	0
13432	0
13439	0
13448	0
13453	0
13459	0
13466	0
13473	0
13488	0
13500	0
13519	0
13529	0
13535	0
13547	0
13555	0
13645	0
13742	0
13789	0
13797	0
13809	0
13828	0
13835	0
13883	0
13895	0
13914	0
13929	0
13945	0
13954	0
13967	0
13979	0
13988	0
13994	0
14016	0
14027	0
14039	0
14052	0
14065	0
14082	0
14098	0
14115	0
14132	0
14146	0
14159	0
14168	0
14178	0
14201	0
14216	0
14259	0
14284	0
14297	0
14317	0
14324	0
14337	0
14343	0
14350	0
14355	0
14367	0
14373	0
14383	0
14394	0
14404	0
14413	0
14424	0
14435	0
14445	0
14455	0
14466	0
14478	0
14490	0
14502	0
14514	0
14525	0
14537	0
14549	0
14560	0
14571	0
14582	0
14593	0
14603	0
14613	0
14623	0
14635	0
14647	0
14657	0
14667	0
14677	0
14689	0
14701	0
14711	0
14723	0
14735	0
14745	0
14753	0
14761	0
14768	0
14776	0
14783	0
14799	0
14805	0
14812	0
14820	0
14832	0
14840	0
14853	0
14868	0
14876	0
14886	0
14895	0
14906	0
14917	0
14924	0
14931	0
14942	0
14954	0
14961	0
14970	0
14978	0
14985	0
14992	0
15002	0
15010	0
15022	0
15034	0
15043	0
15053	0
15065	0
15071	0
15088	0
15095	0
15103	0
15110	0
15121	0
15134	0
15141	0
15148	0
15159	0
15182	0
15200	0
15219	0
15253	0
15294	0
15351	0
15391	0
15415	0
15440	0
15459	0
15483	0
15492	0
15502	0
15516	0
15531	0
15538	0
15551	0
15556	0
15589	0
15601	0
15613	0
15619	0
15625	0
15632	0
15649	0
15660	0
15666	0
15672	0
15680	0
15688	0
15693	0
15699	0
15804	0
15839	0
15846	0
15856	0
15866	0
15877	0
15890	0
15896	0
15904	0
15919	0
15935	0
15952	0
15968	0
16006	0
16014	0
16023	0
16032	0
16045	0
16057	0
16067	0
16073	0
16078	0
16089	0
16104	0
16120	0
16133	0
16140	0
16151	0
16160	0
16195	0
16209	0
16228	0
16241	0
16255	0
16286	0
16300	0
16315	0
16327	0
16340	0
16351	0
16365	0
16376	0
16384	0
16399	0
16408	0
16414	0
16426	0
16441	0
16452	0
16463	0
16472	0
16480	0
16492	0
16504	0
16517	0
16536	0
16548	0
16558	0
16569	0
16581	0
16593	0
16605	0
16617	0
16627	0
16641	0
16651	0
16658	0
16665	0
16674	0
16691	0
16708	0
16733	0
16743	0
16753	0
16765	0
16774	0
16784	0
16796	0
16809	0
16821	0
16834	0
16847	0
16856	0
16866	0
16884	0
16898	0
16913	0
16920	0
16932	0
16941	0
16954	0
16972	0
16978	0
16986	0
16994	0
17003	0
17080	0
17087	0
17099	0
17112	0
17121	0
17131	0
17141	0
17153	0
17173	0
17180	0
17187	0
17197	0
17204	0
17212	0
17221	0
17227	0
17237	0
17246	0
17296	0
17307	0
17317	0
17323	0
17439	0
17448	0
17456	0
17468	0
17482	0
17492	0
17500	0
17513	0
17522	0
17527	0
17536	0
17546	0
17558	0
17589	0
17603	0
17613	0
17642	0
17659	0
17679	0
17686	0
17696	0
17708	0
17719	0
17728	0
17737	0
17745	0
17754	0
17769	0
17777	0
17786	0
17798	0
17810	0
17820	0
17833	0
17844	0
17857	0
17866	0
17873	0
17882	0
17891	0
17903	0
17916	0
17926	0
17943	0
17950	0
17958	0
17987	0
18007	0
18017	0
18037	0
18048	0
18055	0
18071	0
18087	0
18095	0
18103	0
18111	0
18119	0
18126	0
18134	0
18147	0
18161	0
18169	0
18192	0
18200	0
18212	0
18220	0
18227	0
18235	0
18244	0
18251	0
18259	0
18268	0
18278	0
18290	0
18298	0
18305	0
18355	0
18363	0
18381	0
18387	0
18393	0
18401	0
18408	0
18418	0
18426	0
18444	0
18457	0
18469	0
18476	0
18484	0
18496	0
18511	0
18519	0
18534	0
18549	0
18557	0
18562	0
18570	0
18576	0
18583	0
18592	0
18602	0
18618	0
18625	0
18633	0
18646	0
18656	0
18668	0
18674	0
18681	0
18686	0
18696	0
18702	0
18709	0
18716	0
18723	0
18730	0
18740	0
18748	0
18756	0
18762	0
18769	0
18777	0
18783	0
18792	0
18799	0
18806	0
18815	0
18825	0
18832	0
18841	0
18849	0
18857	0
18866	0
18874	0
18891	0
18924	0
18972	0
19028	0
19079	0
19142	0
19149	0
19155	0
19169	0
19175	0
19201	0
19213	0
19222	0
19247	0
19274	0
19306	0
19332	0
19360	0
19392	0
19412	0
19417	0
19434	0
19451	0
19469	0
19487	0
19504	0
19657	0
19816	0
19919	0
19926	0
19942	0
19959	0
19974	0
19992	0
20012	0
20033	0
20044	0
20054	0
20086	0
20101	0
20121	0
20138	0
20153	0
20168	0
20180	0
20193	0
20208	0
20225	0
20239	0
20261	0
20283	0
20300	0
20319	0
20334	0
20349	0
20363	0
20379	0
20392	0
20410	0
20455	0
20498	0
20514	0
20529	0
20538	0
20564	0
20590	0
20616	0
20648	0
20661	0
20698	0
20759	0
20769	0
20800	0
20819	0
20840	0
20861	0
20882	0
20903	0
20927	0
20952	0
20981	0
20994	0
21011	0
21027	0
21039	0
21053	0
21079	0
21099	0
21124	0
21135	0
21155	0
21169	0
21182	0
21199	0
21212	0
21229	0
21381	0
21478	0
21532	0
21639	0
21721	0
21826	0
21835	0
21848	0
21861	0
21874	0
21887	0
21914	0
21927	0
21968	0
21973	0
21979	0
21985	0
