2004	3.515735	10456339
2003	3.5122206	9576604
2002	3.5020342	8640932
2001	3.5507994	7241888
2000	3.5374556	6599655
1999	3.600698	5630324
1998	3.5852196	4381315
1997	3.5944824	3688435
1995	3.6614845	3328639
1996	3.5520213	3321619
1994	3.7091396	2865492
1993	3.672731	2622986
1992	3.6067393	2344290
1989	3.683651	2061596
1987	3.6542442	2039540
1990	3.6169305	2031924
2005	3.5497484	1983802
1988	3.6179307	1796449
1991	3.61948	1718330
1984	3.7115598	1475720
1986	3.6837664	1420067
1985	3.6473005	1253095
1983	3.7605908	996896
1982	3.7119837	851007
1980	3.7423828	800335
1981	3.7384317	795448
1979	3.7564101	686297
1978	3.6654294	568134
1973	3.8011205	513019
1975	3.85097	503724
1976	3.7123892	501205
1977	3.819868	442104
1971	3.74517	438375
1974	3.843205	426353
1968	3.6771011	399314
1972	3.8533423	372452
1967	3.8391414	355175
1964	3.9218836	343295
1962	3.9383392	325945
1963	3.8144312	275181
1960	3.7858932	271995
1961	3.851529	245361
1954	3.980771	243799
1965	3.8502572	231310
1969	3.7133894	227762
1959	3.8904874	217893
1966	3.7345219	209539
1939	4.0314684	205888
1970	3.692441	200703
1957	3.8902316	199083
1941	3.9384933	159592
1958	3.7753978	157661
1955	3.7763972	152346
1950	3.8842478	144360
1951	3.8126814	141908
1953	3.7722986	141892
1956	3.7433236	134017
1940	3.8904996	124027
1952	3.8857172	119388
1946	3.9093783	92980
1949	3.7529242	84553
1948	3.8294313	72739
1942	3.830832	69966
1944	3.8440228	63272
1947	3.7153673	53360
1934	3.9050682	46802
1945	3.7067807	46617
1938	3.8613698	37683
1931	3.787565	34660
1936	3.7450497	34089
1937	3.6873	28126
1932	3.6234202	28010
1935	3.8482237	26460
1943	3.6270459	25357
1920	3.7916822	18635
1927	3.7969327	17866
1930	3.70828	17246
1929	3.6802857	16937
1925	3.6741261	15104
1933	3.6871727	13557
1928	3.6384919	6365
1919	3.5997627	5057
1926	3.548891	3968
1921	3.7184546	3598
1915	3.020711	3235
1924	3.4173622	2995
1916	3.5005379	2789
1922	3.416999	2506
1923	3.402249	1156
\N	2.764767	965
1918	3.2307692	832
1917	3.4259818	662
1914	2.9963636	275
1896	3.6776316	152
1909	2.7889907	109
