5601	1	22
5601	2	7
5601	3	141
5601	4	4
5601	5	33
5601	6	60
5601	7	2
5601	8	568
5601	9	8
5601	10	17
5601	11	13
5601	12	63
5601	13	5
5601	14	8
5601	15	11
5601	16	170
5601	17	150
5601	18	728
5601	19	30
5601	20	3
5601	21	11
5601	22	9
5601	23	22
5601	24	68
5601	25	88
5601	26	148
5601	27	12
5601	28	1235
5601	29	37
5601	30	3320
5601	31	17
5601	32	85
5601	33	247
5601	34	2
5601	35	21
5601	36	39
5601	37	26
5601	38	18
5601	39	26
5601	40	14
5601	41	6
5601	42	7
5601	43	7
5601	44	499
5601	45	119
5601	46	343
5601	47	248
5601	48	155
5601	49	16
5601	50	27
5601	51	4
5601	52	305
5601	53	9
5601	54	9
5601	55	153
5601	56	81
5601	57	380
5601	58	714
5601	59	5
5601	60	12
5601	61	7
5601	62	24
5601	63	15
5601	64	9
5601	65	6
5601	66	11
5601	67	19
5601	68	70
5601	69	2
5601	70	12
5601	71	106
5601	72	10
5601	73	46
5601	74	37
5601	75	15
5601	76	166
5601	77	605
5601	78	204
5601	79	408
5601	80	27
5601	81	65
5601	82	11
5601	83	1268
5601	84	116
5601	85	4
5601	86	6
5601	87	4
5601	88	23
5601	89	58
5601	90	68
5601	91	19
5601	92	4
5601	93	14
5601	94	6
5601	95	33
5601	96	24
5601	97	518
5601	98	3
5601	99	5
5601	100	4
